uocnnunotuu.'- ·

[4409444 79, 444. 164, 40. superi 44, 477. 45, 496. 87, supraque 49, 551 .
⁵ 478, 460. 449, 777. 456, 507. 445, 485. 474470. supreme r7r,2'46. 474, 178.
44. 544, 409. 561, 597 479, 474. 181, 544. 444, 405,Ι 576
suorum 69, 769. 85, 448. 96, 649. 470, 418. 554. 640. supremis 63, 640 ,
564 474, 467. 447, 698. 566, 70. 445, 494. 469, supremo 440, 541
454.654·185.55ο·544 757 supremos 544. 547
765 superis 32, 170. 21, 566. supremum 489, 154. 558,
84045777848451418. 44757- 21³, ⁶44· 247, 526
486. 84, 4496841464. 706. 475, 499. 489 455. sutus 544, 80
super 7,67. 40, 1745, 151. 490, 455, 554, 577. 558, surdior 595, 804. 449,
50, 4656541164ρί47. 744 . 744 , ·
superque 404, 554, 554 superorum 41, 444. 168, 14454555, 669
superabat 59, 5. 409, 547. 175· surgente 449, 711
217, 772. 504, 567. 447, superer 54, 504. 479, 499. surgentibus 458, 77
641 454, 476. 585,558. 444, surgere 6, 44. 74, 840. 79,
superabit 416, 760 585 114
supembitur472, 845 superosque 440, 858. 470, surgimus 548, 447. 444,
superum 557. 445 7⁸0 - Ι47
superando 505, 604 supersunt 556, 695 surgis 444, 497
superare 56, 456. 444, 65. superstans 551, 554 surgit 56, 475. 408, 94. 448,
451. ⁶7· 555. 44⁶· 575. 814487440154- 444485 414 280. 701· 7484584
590 r superstitibus 79, 446 565, 2. 597, 874. 598, ,
superari 505,640 , supersunt 90, 598. 474,. 894 -
superae 78, 404. 485, 11 484 surgunt 499, 484. 441, 4.
superas ue 454, 755 Superum 44, 464. 46, 454. 589, 677 ·
superi 4504, 561 33» 668. 56,,457. 147, Surretrtino466, 709
849448844458, 544 549 ’ surrexit 444, 455. 458,
8494444449154. 480, 545. supervolat'128,624 508
408, 540. 440, 547. 454, supinis 446, 584 sus 454, 474. 455, 559
378 . supplentur 199, 291 ⁶ susceptaque 548, 400
superatque19‚3i7 supplevituo, 140 suscipimus 406, 450 ’
superata 415, 144 455, 15. supplex 8, 92. 32, 655. 58, suscipitur1419, 451
475, 544 477. 75, 8. 84, 440. 145, suscipiunt 466, 505
’09444404 450, 699 444. 154, 495, 514. 474, sus ellum 54, 648
’4494444444 555, 564. 567, 554.479,498.199,498. 144164ῃά4444 56, 450. 440,
90 , 440, 858. 454, 474. 480, 101 ·
’99448456444 “ 704. 499, 445. 546, 400. suspendit 182, 576
,4944814 469, 484 446, 574 suspenditque 4170, 508
,9446104 595, 804 supplicet 475, 467 suspensor 456, 598. 445,
,944814 519, 418 supplice 55, 596. 164, 35. 655
9944801168,169 541, 479 suspicere 550, 506
,5544841441 56, 754. 471, 445. supplicium 160, 666 sus ieiens 428, 660
364, 17 suppliciumque 70, 784 6011980491, 461
„perlue 45, 454. 194. supponas 451, 570 1619144455,707.64,655.86,
1 56 supponat 478, 456 480. 407, 480
,594441045550 supponere 78, 404. 400, 6069144418445408, 149
Ι494444118414484, 184 953 suspiria 54, 656. 44, 145. 69,
,94440444459445 supponitur71,810 755. 70, 774. 499, 404.
:petest 14. 545. ³26· 444. 87404474 444. 79¹ ν tut, 539
354 556, 705 supposita 455, 777. 544, 8484440784, 548
9944418 54, 500. 440, 466. 54 sustineant 494, 195. 596,
446, 584. 447, 608. 444, supposito 67,744 846
¹49· 494, 449. 477, 648. supposuique 186, 698 suilinct 48, 550. 106,Ι47.
3794 377· 385, 5⁶4 '42¹2 suppresse 142» 193· 3392 110164448447441.
,486¹ 777 464. 464, 47. 475, 567.
5494444 471, 449 suppressis 447, 480 184, 565. 474, 458. 487,
superetque 450, 795 suppressit 486, 709 74. 547, 168. 450, 754
aspersuque& supprim1t35‚715 sustinuere 119, 411. 451,
6444144454454 suu 1⁸2 295· 400, 455 pii [w
4

l

 

