'tunm-

33663336633ι434· · 3693 ,336 663 ,
mom 333· 433 „ 3333333 33 433 *nuit-«imm .
3366336396, 339 3393333363 376, 433. 996, 369313νί3339, 663. 969466.
numnquam, 336 663 Ι · 396333
:xmus 339 Υῇἲὲῗηξᾎὼξῆ. m, &12:³⁸
3633636334. 3336 463 3343336333. 336
renuite 469, 649 repleam 366, 994 3346333633 396, 686
mum 4. 9374496· 9573 3396363946, 396 3646ἰ33366,’693
. 5⁰⁵· 964, 34 repleti 346, 679 requiri· 399, 933. 337, 763.
3363 498, 43 33913336, 998. 84, 399. 399, 973, 333. 433, 968
33939363 49, 399. 899, uo. 386 33963333 79, . ιο9,339.367,
493,789 3691366386 8573 87 479· 4823 ⁶· 446,2351
3333363· ¹00· 666 3333366333· 333 336334. .
3633333934. 33 3634333 333· 363· 433· 3333333366· 33466344
3393336313 33, 979 467 333636 4, 9. ,79 39, 439.
6666883.. mm 8336333683·
,3433333446 399 3476333396, 969 49. 368, 33. 333,

⁶ ⁵⁰⁹? ,
3393336963333,336 3396636973,386. 973, 366. 63433949. «aa

3393333333,439 779399 Ι 3333336933 389, 677. 446,
apelli 377, 693 339363663437, 463 393
3636636463. 333 33333363 33» 663· 33· 333· 36· 33· 433· 66· 333· ⁸⁰· .

, ,3939636366 694 369, 368. 399, 477. 390. 398. 94, 933. 339, 339.

· 3393333333 89, 364 389 33633336 389, 669

3636363 336»6 33· 349- 963463· 463. 633 333336· 333· 333· 363
86.ῗὲἯᾷ 4... ..3 ,ἵξζὲι,ἱ““,“.ῗ’6,’,ἒῗ“,,, 3. {3¹32 ἶ”.9;.”ἒέ,,“ζξ,.”“

5⁸⁶, 366, 364. 969, 937 a 366.
3393633663 399, 9 3673363363498, 936 33696349, 89. 89, 996. 339,
3393333663 93, 494 33933363 96, 799· 383, 989. 994. 436, 636. 468, 748

3393336666 49, 860. 694, 366, 369 duent 96, 434 - ,
’ 787 33939633 389, 33. 936, 3363638333 69, 677, 678. 999, .

3393936333 393, 384 399 ² 949. 493, 784

3393393399, 939, 936 33969633 36, 489. 49, 87, 3363366938, 383

363333 333· 433 333· 36. 336- 334» 33· resecat 343. 643

36333333 336. 333· 436. 336. 334· 433634 3663633336. 664

36373663 333 634 34. 663· “⁹2:23 ¹⁹2⁵4' ⁵3³⁸ Μ “533⁷ss ’θ’ mu}
· 688. 394938. 396, 973. 3396138 393, 733 rendit 379, 963. tomo*

339, 993 repulsa non. 376, 986. 463, 334873. 387, 88. 438,

npetu· 336, 466 363· 464· 43 639

3393336333 34, 334 3396163333. 96, 999. 947, 3363633633 493, 993

repetam 366, 347 399. 498, 969 rests-hp 443, 649

3393333663 83, 393 339616393333339. 387, 83 33631633 339, 63
9393333399, 996 3693363333 m 49.. 97. 86, 3366363399, 763
3393338336 339, 834 3396163 pare· 99 9, 799 9363333933 398, ’
3393333333 339, 333 3393166 73, 837. 997, 866 3363333363 976, 368

3,,443663933466, 947 33931633 939, 999 336333363339, 697
3393336663 377, 639 33933933 43 9, 669 mint 398, 99

. 33933363 44, 339. 379, 493. 3393339336 349, 386 33636363 9ο, 979- 3493 366

398, 369. 999, 799 requiem 338, 639, 949, 399. Ι389, 334. 994, 787
33933863 383, 463. 433, 393 -946, 346 3366366363 366, 936
3393383 399464 969, 996. 3393336963 38, 943. 338, 63663333 393, 76

333. 333 643· 3444666 336633 433, 436
3393313463373, 473 3393633339, 833. 398, 977 3366663 447, 373 ·
ape&- 336. 334 333. 433· 3633636636 364. 336 368. 3363336 366. 633· 333· 374

²2⁷¹ m· 464, 684 688 resilit 997, 466

9994664933 363, 36. 349, “suffit m, ¹⁶5· 4663 ’6668668663θὶ

dh*

 

