, 611111011911194, 508 17

INDEX

111 ³³22 rrrs 141. 111. 118. 51⁵ 484· 78· 1ο- rr, 33⁴· ¹¹3·
200 . 611011 564, 11. 419, 450 145. 118, 615. 150, 405.
feremur 328, 445 611οεί1176, 579 181, 561. 105, 450. 106
’ 61111101 151, 179. 517, 6110911195, 464 446.111,15,1111’61’.
441 61101 145, 581. 175, 508. ferturque 189, 117
1111111419, 707 196, 510. 445, 176 fervebat 61, 601

umqum tumnummuumwwmuffi ’

61111611115ο,696 577, 45. 594, 767 611111111404, 48
⁶ 61111861 5941 785 ferox 56, 758. 77, 68. 115, 61111111690148, 119
6111160179, 685. 568, 118. 157. 115, 519. 156, 55. 61111116109, 120
terffiu'ffisi, sss 1135114586 85ἰὲἒέἰίἑοί ,60611 1,,
ferens 115, 511. 158, 611. 11 alibi. 650

145, 594. 511, 171. 408, 6101911155, 511 10111110560. 551, 549

110 “ ferrataque 551, 515 fervidus 411, 485
6111111559, 565 6111155, 669. 49, 151. 156, scruti 106, 16
ferentes 411, 517. 416, 18. 158, 610. 111, 657. ferum 164, 77. 157, 411
‘ 617 5 114, 678. 115, 58. 141, 161, 178. Ι516, 596
hunum suwumwffifiwssww²wrwtst
61111 57, 474. 141, 191. nasibi. 85

156, 587. 519,107. 511, 61111150, 147. 584, 516. 61101111,151.11,158.511

ffimmssmfflr mmmmm wuumwwffi
61111140, 494. 568, 108. 6111111115, 654. 581, 460 115, 499. 1116166.

451, 555. 471, 810. 471, 611111 508, 681. 414, 517 feruntque 557, 495

833 6111111 50, 508 6111110146, 164 47, 107·
· mmm fflfflmwmifflfffflmffi

0 12 5 n 1 07 1 ι Ι

6111111564, 10 6111111116. 590,696 606. 694, 140. 6973, 551.
seri 181, 549. 155, 555. 6111011117. 65, 606. 77, 561, 611. 446, 141. 4,·11
1168186588 ⁵¹¹ {232'223'1223 ἔξξῖ 6ξῖ 16888031,
ferientur 101,7 151. 171, 171. 185, 611, ferus 13, 185. 158, 604.
1111111116, 590 617. 184, 645. 185, 666. 116, 114. 156, 400155,
feriente 118, 809. 158, 95 errabi. · 465. 515, 56. 581444.
6111611114, 680119, 815 61110901 10, 141. 150, 145 594, 780. 597, 875
6116111456, 457 6111011548,107 61681 81, 165. 111, 115.
6101115194 ferrugine 71, 198. 150 404. 151, 446. 158, 61814,
611610159, 515.198,170 470, 789 540. 114, 85. 166, 155.
61160911157, 595 · 6111111110, 141.77,71. 78, 501, 480. 554, 615
611ἰ1111,554.164,75 90. 109119. 151, 710. 6166111156, 411. 551, 551.
feria, 51676. 56, 495. 109, 151,754.140,151. 171, 418, 416

557.445,167 . 156. 185, 611. 190, 55. 61611901458, 517
61161,1167’.517,456 0 100, 515. 155, 555. et 61661150, 581
ferisne 16, 149 alibi. t‘rffi 461, ⁶28
ferit 79, 119. 141, 104. 611111190180, 148. 96, 550. 611611 180, 519. 515, 595

184, 641. 198, 586. 556, 4101, 698. 157, 59. 546, sertor 118, 654. 147, 515

φψψψω918ΜμΜω-ωωψώψ1
feritasque 594, 76 455, 441 648
6116111114,198.145,601 611151. 371 1114911. 1111111194. 501

feritatis 15, 159. 67, 504 ,7987511188 6166111189, 118. 511, 174.
mm uwwfflmffl·mm
feriunt 165, 58 459405 scitusque 194, 165. 566,
feriuntque 105, 418 ferte 596, 880 66
fem verb. 51, 187. 159,Ι fertilis 1591641. 175, 517. festa 106, 55195, 170.
655. 180, 699 176, 596 Ι 500,451.546,150
6110 adj. 83, 115. 109, 115. fertilitas 155, 481 fest? 70, 795. 505, 598
- 148, 555. 181, 557156, 61111161111151,185 6181901548114.
65 - 61111157 ,117 441, 117 61811145, 581. 149, 746
6110111519490. 587, 611. 61110146, 184 51, 510. 58, 6181111165, 59

&4

ω, r

t

6

 

