,100110101υΜ.

habenas 17, 180. 49, 191. 8161111111, 179. 190, 790 960. 141,.189
46, 169. 99, 990. 190, habitantem 916, 147 8118111199, 941
404170, 119. 196, 111. 81801110406, 90 8181811119, 819
497,48ι. 498, 910 81881110 19, 199 Halcyone 919, 984. 916,
ι 81611811. 111 11111111 111. 114 4¹⁶· 3²72 42³· ³²⁸ 418·
8181111116 11 11111111, ⁶02 111411 111. 111· 111.
6111111199, 660 81811181 994, 406 661, 674. 996, 684
,8116011114987191819 8181111417, 6491 , 8818900111 991, 961. 999,
. 1111111991. 768 habitura 174, 914 988. 994, 618
,- hbent ιιι, 11 . 119, 696. habitusque 199, 766, 768. 8811070110140199
-“ 191189. ,799Ι 901, ιιι, 11 881116 996, 461 .
906. 909, 990414, 969. habuere 118, 979. 901, 88187110101116, 146
. 411111 · 48111141· 148181 , 8111111111. 11
Ι1118111101117, 68. 119, 410. 81181181 81, 188. 215, 719. Hamadryadas 94, 690. 416,
'Qmmw mm m
..· 1118111191,699. 940,1 8180168011 181, 941 8111118148, 984
1118011814,10.171,448 habuit 91, 696. 91, 910. 8811118171, 79 ,
..uum ⁹72 589· 114. 411· 181111181111181. 1111111111. 58⁶· 171‚2;2
Ι, 168974 199, 997 149. 81,189. 100, 680. 81110191, 710. 440,101
habeoque 19, 197 107, 96198, 601. 180, 8111101914, 941. 999, 994.
lubere 116, 916. 119, 48. 706. 944107 496, 476
191,171.198,964. 997, bic 11, 17099, 679. 40, 8111419116
876. 410, 464 99. 44, 199. 47, 904 18119110,- 84, 111
,818011111171170 109,114117,960. 141, 81181111, 781. 197, 419.
’ 11801010, 961, 961. 191, 191. 199, 6414174, 991. 949, 81. 968, 109 469,
3 170 171, 499. 919, 414. 178, 499. 186, 700. 86 769
998, 760. 969, 46. 966, 186ἱρ141111. hasta 70, 786. 199, 966.
“ 97. 418, 664 8168110169, 610. 144, 190. 949, 07, 89. 996, 477.
. 8181,τί 111. 299 141.111·118111·111. 110111
’ῖΜιυ 109, 17. 189, 419. 949, 81. 990, 700. 811811 944, 109, 111. 494,
8611- 184, ⁶55- 180 411111111-410111 ⁸¹9
411 1110111, ,111 81111111 110 ⁶⁶7- 1161*
81181111, 16910, 94919, 8811101169, 87 140,197. 114, 66. 944,
, 471. 94, 694. 99, 8. 49, 8811101118 198, 164 119. 999, 969. 460, 961
99. 69, 767. 84, 199. 89, 8811101ιί119, 968 81810901970, 167 · ·
⁵· 960. 91, 499. ιιι, 468. 8811101811191, 819 81611111196, 979
⁰ 199, 461. 161, ²9· 169, 88111018 948, 119 Ι 81888177,69.114,681
“ 87, 91. 167, 118. 144, flamonio 61, 999. 916, 818881 111,18. 191, 186.
Ι 176. 108, 900, 908. 111, 8. 409. 949, 81 415, 944
114, 84. 191, 189. 144, 8110811910144944, 106. 81811188, 99
619. 169, 169. 178, 410104 haurire 977, 991
664, 908, 701. 910, 199. 81111881 191, 104 hauriret 984, 999
· 996, 701. 990, 166. 998, , 81118197, 71 8111111194, 191. 989, 964
917. 974, 167. 976, 919. hamt 111, 184 164, 8118111170, 411 ·
⁴ 986, 970. 988, 649. 999, 149194, 149. 110, 968. 8116 994, 787. 414, 909
914. 400, 941. 409, 19, 168, 966 8118111419,177 -
a· 411, 4871 418, 6899688. 8111411101 Ι101, 790 81161140, 116. 194, 917.
, 4111161· 4161 1111111111111 1111111 116111181411441· .
·’ 8118111910 490, 941 8110101199991 ,810 Ι Ι ,1
··“ 8108161461, 609 heres 97, 4989. 171, 199. 81188191, 740
“· 8116111141111· 14081 4111111· 110111 1111111118181
“ 81811900414, 968 8110177, 71. 90, 999. 91, 81081408,136
·· babetur 196, 919. 970, 419.106,17. 109, 191 8118814081119
196 , 116144 1611168. 990, 81180196, 99
11181899, 991 - 169. 998, 906 8111601981, 416
8181118111 ι, 19 8181118 ¹⁸0: 530 h²ust¹²¹ ¹09· ¹¹⁸· ι741 ³⁵⁶·
8188118881 6, 49 816880 114, 166 984, 916
8161110617 9, 9 8166111199, 618 Hebe 169, 400 ,
· 8161111181 7, 74 Ι 8161199410. 641991 119, Hebes 357,485. 96496499ἂηι

 

