‘ 30033330303 ·

374337, 603. 636, 33337933 300, 660. 343, 369. · 384, 646. 303,;300
[43, 393 333, 437. 333, 648 339, 343. 989, 0333333333388, 639
Ιἶ333. 393, 33, 36. 633. 436, 3. 473, 833 malam 422, 333

33. 33303030 383, 786. 3333033333 330, 674
30, 393. 90, 383. 333303433334, 687 ⁴ mare 78, 83

3333333333, 383. 334, 343. 3333333 339, 634. 373, 388.
06333 403. 300 ’ - 036. 633. 664 333436
²1· 3³3· 4⁷; 034. 0030303’36.333«403.436 mdabat 360. 304 033. ·
360. 330, 333. 334, 3333333343,63. 33643979, 680 ι -
434, 436 306. 394, 373. 333, 639. 30363η3373,799
se 209, 343 334, 33 . 378, 637. 396, mandasset 379, 473
ww 3Mwmwssfflwmwws.
mi 407, 338 majusque 333, 639 mandata 378, 449..,379,
6330376. 398 - 333313 33, 668. 344, 344. 468. 380,303, 334. 308,
mus 348, 330 · 339, 490. 346, 673. 443, 497, Ι303. 333, 830.Ι 334,
30, 370. 373, 443. ¹57· 463, 633 , · 639. 430, 463474, 833
433 malas fisbst. 369, 398. 330, mandataque 380, 696
ue 339, 437 393. 393734, · 333303033308, 303
33, 637 3331343, 348. 93, 474 303, mmmm, 33
3336, 408 730. 333,383.,337, 333. 333336330333, 33
,39 33, 370, 376. 33933363163133, mandre 440, 93. 443,
74· 36. 346· 63633 03606600 333. 336· 336. 340
30. 73, 844. 83, 360, 398 munde 43, 340. 379, 678.
330. 338, 640. 142, 333313636933360, 666 403,33 ,
3699483663. · meai 73, 803. 373, 367. 03333337, 304, 303. 93,477. ’
e 363, 333. 033. 043. 633· 033. 633· 060. 306. 59¹· 336. 636

363. 336, 337. 339, 494. molada). 43, 63. 333, 703.

300 036. ,336 363. 633 3333644403
33. 306 046. 343· 33363000 033. 303 3600006333. 340 ·
436. 380, 336. 306, 3038338374, 370 manen 64, 630. 336, 336
333, 369, 337 439. maligno 175, 363 3333333336, 49 ’
337 malin adj. 33, 334. 333, 3333333333 33, 637
77, 60. 360, 670. 369. 373, 303. 336, 336. 3333363333,730,377,639
437. 378,,433. 308, 360, 364. 366, 393. 370, manebo 369, 393
337,776.343, 333. 409 · 3333303343, 366
40, 366, 393. 370, malisverb.255‚26 manent 49, 343
63303ι Μ’ Μ’ ⁶8¹ 616686630666666 339 346 3313322’64 93ι 433 33
m 88, 334, 347, 3333133363’,633 v . 347,697’ 9 ’ 4
3753654 mallet 46, 383. 390, 337. 3133333333 33, 359

046. 333· 040. 366,. 36 meret 363. 343· 433.
3333833363, 633 388 · .

377, 60. 343, 333. mamad). 38, 389. 33, 333. manes vafi· 30, 386. 330,
438. 367, 343. 383, 63, 397. 87, 393. 373, 437. 378, 73. 386, 699.
mmmm-mmmmm mmmmm
303 3331073678. 308, 677. 333, 448. 383, 463. 407, 303 fx.
que 337, 386 306.’ 339, 470, 473. 467, manesque 396, 306 -
363. ι34 333 mmet ¹9· 330· 30. 339·
,683 malorum 30, 340. 36, 767. 334, 378. 343, 306. 343,
3333, 303· · 333, 364. 333, 373. 339, 336. 336, 43. 366, 330.
30. 647 340· 366. 330· 430. 000· 0633303 333. 334- 333.
30300304. 330 433430 · 436· 443. 330· 446.
ἱ8, 330. 339, 394 maluit 384, 639 333 ,
393. 396, 333. 300, 3331333333. 73, 833. 30)· manetque 93, 433 ,
308, 300. 333, 838. 333. 383,739 manibus 36, 339. 33, 330,
67331363, 633. 367, 3331307366. 433, 333 339 73, 863. 76, 39.
mh. malus 297, 343 94, 497. 97, 373. 333,
348333. 363, 369 33333633398,·887 733.ι 304, 7. 338, 83.
333- -. ,3333333394 760. 377, 333. 333, 444 376, 407. 303.

, ⁰³ ³35·

 

