VOCABULORUMs

749 67, 697. canortsb,561 797. 784, 697. 787, 747.
97, 487. 747, 979944499797 &1181

,9, 797. 767,
47. 769, 788,

canoro 797 704 9777414977 776666 777 776, 697
979944977988 · 6 779,777

2.33‚315. 749, 94999 49778 ,777 777, 9447119477, 477. 78, 779.

446 47

4· 769

⁵23⁶ 373
··544 746· ⁶77·

99894·

4¹⁶9·9¹4²3·

474. 767, 76 777, 9 3916407 59· 527 929·

97996969798,7977 74, 777. 77, 477. 84, .

cantatas 192, 98 769. 94, 7061774 474.

9797749446, 769 ι 774, 746. 479, 673 66
annuus 797 797. 747, 774. 976· 97977917·

777, 797 6494,99747778 780Ι
cautu 16949.196,701.·749461744789,77ς

779, 773. 74447 capam, 747. 76, 778. 67, .

476, 777. 797, tamtus 477, 767, 799, 779. 7 697. 79, 789. 87,· 797,
777, 777 . 78 7, 649. 799, 796 769,
9774989977 fipss ,797 157.292, 747. 779, 747.

120

66. 64, 679

ἴ 54

7944

7 687

., 477, 350, 767

446 ·
447, 787. 478,

767
7969
, 20- 4¹8417
5,447
749 87, 796.
44· ²¹9· ⁸0⁷·
'²· 303¹ 597·
1¹· 9997 599·

9, 477
V, 747
7496

46· 9567 465
,67 747, 769.
·999· 992

59· 599
7, 766 ,677
’242· 57· ’4277
7975

8497. 87, 777, 221. 7,84 435 787,
748. 474, 777. 478, ·.679 697 477, 778< 452 77
777, 77, 494, 67. .497, 66 979 te 768 468
maamad, 381,427 capiti 74, 79 8,7 494,

7799474797 477 748 777 764, 79, 78., 79789, ·

9794997767, 777 747. 7,99 979. 446, 768. ,
4747494476, 464, 649
capacibus 67, 777. ·,779 caph? 471, 779, 777, 678.
466 ’··7··7444 444 ,
9497946εᾶ76 capitisve 779, 786 447,
Capsa us 269 494 777
{29:1622’026439724111569 314 06466666789945767168678, ⁵38.
766 7749979749, 797 9, 844 669 6 ⁴³⁸
capellana, 299. 97, 498, 94974794 478 466
959mmmmmu⁸n
927· 456· 472 Caprm4 7799
77766744 646 677 7647774447 -
uper 799, 777. .447, 774 capta l903, 779
capere 79 777 779776 at ²²9 798
9999444778, 897. 777, 796. taptae551,532 .
477 644 0747407446· ²²5
9799677797 777 778 9797777377, 776 746979
Capetusque 476, 677 captare 776, 78
capham 479 47² 97947797, 477
07967994477, 487 9747777779, 777 77647 ·
774· 46· 446 974· 479 447· “m 76 ·762

974 ⁶¹4³ 6666 »²7
97944477 777, 6 6 97977477 77

78, 777. 794, 9794797477, 777 97777νί77 ,47

,66

4644

118. 147, 779.
.418, 479

789

464447
74779994
498. 747, 679
997

477

⁶82 8737 32⁶·

878

9495746 242, 778, 787, 746. pus 10 67. 779, 777
976, ²95 7191847787,411

:ap 94477994 99, 6⁴4 879118176111989 ,ἢ
9799694 32, 946. m, 3444797796·ξὲ ·475
97947677 74, 749 ⁸ 77661476 13991 184, 774,151
7744967447 444 am 474· 976 -
9497777694 777, 874 4494474647 ,57

capientur 96 777 uptun 35, 709· 9667 „⁸
capulis 77, 766. 79, 764. 477, 778 ··

44· ⁶7·2 5ss ··446 64· ortu 44 646· 444. 444· .

Qmewnmwmmm
4⁵1· 440 474· 764 746· 477 744· 7767644491,

 

