1010401181, 741 1190611090 807 6101079, 499 4161;
41101101197 355 11111161 1101411 393 463
1110011400 999 711 11116111 1661 337· 4141 1111911449· 98
:2:5⁸5ngss 491473 δύο, 1141610194, 964 8188120378, 3⁶³⁵}
mmmmuwhmmnwumvnffimns
mw κηφόφ οΜΜΦ·Μ6
Μο0,ω 80061 010011101181
1010110410181 6816318871613 ¹²3· ¹⁸⁶ 69619
„Unum” 554 1111111111, 00. 313,45 108, 910.149,76
11111414..148.1ς601ξ·1,.0·110701 81161163351
mmwmmeQmm2½m mmmmm
mmmmmww m9mn7w ”mam
290, 15:- 919, 99. 916, 11418071, 819. 79,118. 160, 1011010 78. 92· 24¹
141, 918, 009 91998 9· 671 1491776· 331044,
72, 21 511, 456 990, 1171109110 109 918 503. 352,331.545
6-9 914, 921. 461, 581, 11451601 869815. 994,76ς 4159549
515 1151000197, 89. 094, 140 106011601400011, 691
11014.. 941 ,ο 184.001κ> 111· ²952 ²⁸3 10606· 55. 4⁰4· 141

· rexerat 54 970 1610101011, 401. 190,746 · 444, 202

πωπω twww4 QmMss·m4
,10ιὶ1110,111.491,779 0400111111 149, 009 1060111199,100

111711009711700071, ⁴3⁹ 11901180 109, 555 1011118401 444, 106.
Rhndamanthus 271, 435 1’111911431646 9931797 007
116010106191,406 rima 3.30 515. 414, 3⁰4· rodunt 390 691
1111110110 fidi· 419, 694 448, 901 1091761, ,³3
9600190081,171 11101107 65 10416101 174, 919.
11145, 40755 . 11011147, 011. 30², 512 699

8811091011 404 48 908, 891 rogabat 149, ²23
Rhenum 50, 098 1311111190, 060 469

960,6915 ²49 6711911600 1091110111 409 91
111101111156791 0785 ς,9 997. 1981017187, 10903099 469
880100010411, 904 74 398, 769 404, 49 rogandam, 415
96011111011190090, 098 4181417 1091118046, 189
9110110500, 974 . 11704671990190157,10911001171,ι69
3111011011.7.,969 , 59⁸ ι 242, 552. 271, 449. sugunt 16, 148- ςς,
’1110170 46111. 181, 919, 99 106, 91. 919190.

§Q mefflmuum¹fimwun
1100107οἷ01089, 11. 086, 118 10110100161,966.189

1371190, 699, 640. ..49141 091, 869. 198, 999

1111Ξο110710 16987187, 99191. 94971. 467,10411101100,908

R 795 ’ 1091111184 140. 191,
6010910111 004 11171101 991, 990 161, 99. 181, 791

. 11601701918,197 . ziph 5, 99. 6, 41. 64, 697. ⁵5²: 996, 685
01106197 ,98 157, 991. 19 , 199. 197, 1091010199169. 926,
811000· ,5019 .7,, 28¹5 228 10901011. 119 899

11198481. 166,10111 188 1119111991,348.9409,9
111170 919741. 77, 74. 100, 18010066, 916 1041111 6. 3⁶, 735

Qawwwm7wwmumum 0·“.οἩ0
Μ1οωω m Mssmm m nmnm

ἷύΜο11·ΜΜ waw ²52mw
1080111199,1151ῐο8170,778

nd nt 160, 639 1ἱιὲ89, 064. 118, 809. 988,’ 1057111109699. 1899
ridentem 119, 516. 2⁶6, 699. 441, ¹44 104013110,194
917 1113601181, 991 10901086, ,285

94956, 429 54, 574 100, 11194699187,717.198,1091101199 41
697.444,009131’·3176’169· 1391391161649 ’3
n'wts 1. 419 303 31 111161191191

Qemwm.ffmdmmm² mmm&

 

