11111111

&summ 161 0113661311. 314 demptusve 396, 633
’616111111 161, 363 Delplut 167, 331. 461, demunt 171, 413.
61661133, 463. 176, 411. 631 371. 119. 441,1
196, 371 6 Delphosque 441, 144 demunt 61, 166

61611ὼ111164, 154 0111639, 541 61111111111414, 3
6131111313, 314 1111191397433341 deneget 116, 36
613111111164, 635 661111911167, 331 466

6131111111 ,543 01111169,191.174,333 demque 43, 93.

61311111 , 331, 394, Delosque 119, 111 99, 619. too,
777 6114161111, 373. 366, 369 albi 91611 plur.

dehiscit 396, 691 delubraque 41, 77. 147, 61111199,193
natm · 1111111161· ⁷⁰⁷: ³⁸⁸· 614 616161, 557· 61,

66141· 661111· 11, 116- 1111611461. 141 416
111, 111· 1141161· 111, ’161661 166 61161414, 111

’416149367- 174331. 6611611131, 616 deust 1ο, 111.
143661. aliliplur. 6111111400, 950 67, 717
61411161. 196. 416, 611 6111111111,161·411,161 tantm 52 ²⁹
01611611133,9.139,136 dane 66, 761. 195, 166. 61161 131, 163. 1
6131141111 67, 313 311, 316 “ 36 .331, 571
61316161, 196 dautem 36, 733. 99, 641. 611 396, 1
11316111 336, 311 191, 67. 1 6, 311. 177, 31
6116114111 611· 106. ⁶³0 6116111 141. 441·
dejectoque 163, 617 611111111114, 139 - 446,131
'dejicit 33, 719 deluenda 371, 115 densumque 61, 376
deiude 20, 333. 93, 463. 6111111167, 311. 141, 113. 6116147619111,
1111111 111611 6611 111. ⁸²5·
Deionidenque 171, 441 · demersus 416, 615 316, 714. 31
1161111111111.141 66111661191 ¹04 ¹2⁴· 111, 11
'delabere 71, 636 demi 171, 197 943. 441, 93
“ 611161114,111 demisere 193, 133. 4⁶²2 611111911131,611
, delamentatur 313, 331 611 dentes 71, 776. 76
’611196176,111.44,636 1111111191, 367 14. 103, 113.
6111761911 31, dos demisseque 76, 36. 169, 115,573. 163,
delapsam 133, 469 111 ’ 111, 114. 13ο,·
6111761331, 337 demissam 331, 313 1661364119, 3.
611111131, 616 demissior 119, 114 dentibus 194, 13
deletui 111, 691. 394, 771 ‹lemill'o 171, 169, 131, 646. 416. 131, 166. t
6111611 1466116· 444, 101 171614 111, 411· 250· ¹
61116111 431, 364 demulsus 196, 119 331. 317, 167. a
6111161376, 311 demit 16, 613. 364,,16. 446133
delete 14, 443. 174, 517 431, 766 denupsit 347, 196
'deletam 523 1111111161, 111 111611. stt· 5⁹⁵·
Delia 139, 639 demittere 134, 334 64, 641, 647. 69,
1111111396, 631 demittit 131, 634 337, 134, 315.
editt: 131, 663. 119, 636 demittite 319, 461 164, 137. 177, l
delituit 114, 153. 113, demittitur438‚44 ¹07· 417, top-qt
361 Demoleon 331, 336 neuque 464, 663
61111ῐ1317, 163 Demoleonta 333, 366 011161 166, 114
611ῑ11ἰ1117,54ο 6111116111111443, 116 Deorum 3, 31. 7,
66161113, 434. 147, 319. dempserat 111, 313 83. 11,171. 19,
171, 131. 317, 174. 361, 6117661411, 131 376. 41, 76. 39,
396. 366, 631 dempsistis 431, 731 191. 131, 733, 7
Delphi 191, 166 6111711461, 611 . 100. 147, 311. a
Delphica 17, 315. 316, demptis 16, 491 Dete 34, 693. 39,
dempto 73, 666. 113, 31. 341. 61, 376. Ι

ῡ166161161,343.63,677 449113 111,166.114,6
6117161166, 111 6117114111, 166. 199, 311. 373. 113, 364

61171611 311, 137 419, 669 136. 339. 165,
delphine· 16, 311. 319166 6117111313,113 elidi.

 

