, 1111911111 11, 155

,ΙΝΒΕΧ

eonjugium 71, 814. 515,

11111“11ῖ117ς,1.419,715, 1115. 516, 611, 654

11116111. 575, 141 coniugiumue 191, 69

confir-2 11. 718 α1111111111111 111, 37³· 3⁶7»

1116111119, 461. 541, 41. 56
516, 591. 599, 914. 415, 111511161111461, 159

11151116111514, 64

conjungere 418, 1168

1111111 ιο, 111, 3⁶2· 11,
557· 11. ⁶0<- 11116,
265. 111, 488. 116, 585,
5171. 141, 151. 18195558.
184, ⁶4⁸-- 186, 711. ὁ*
,13111 9118119117.

111711151158 , 574

(1111111555, 451 -

connubia 26, 481, 490. 516,
611. 519,116. 547,194.
111111

11111111 116, 756

Q 11
111861618818511. 1941165
’.28ἱῖ8ὲί88870

1 1
11,-,11111 141, 176
1111111111111114, 199,
cu· 11177, 58. 198178
mugi& 2469 ⁶88
11111111 111. 111
11111111111197, 546
1111111111416, 567
11111111111151, 199
1611111 548, 114. 549151.

461, 616 connubio 177, 418
conumque 65, 66. 541, 11111179,118
unificum 181, 586 8866888868ξί {a
11141111 115, 517. 515, 6ο. consanguineae 159, 476
454, 415 consedere 191, 55
1115111114, 576 conscendere 98, 615
, 1111,1·1111115,57.164,155 conscendit 87, 159. 5111,
congerit 184, 651 411. 454, 61ο
congestu 115, 115 conscendunt 171, 111
«11516191148199161 conscia 56, 458. 61, 513,
11171615451, 777 86191. 181, 547.181,
1117181411441, 89 588. 195, 194. 107, 585.
181, 716. 198, 567. 564,
16
1111111111, 65
consederat 581, 418
1111111565, 1
consedi 599, 951

111411111114111155, ⁵31
{⁰023‘Z{f{“⁵2²4⁰3,' Ὗ... ,1,
1111556611 111, 558. 581,
476 111611161111576, 515
1111516811 467, 755 consensu 117, 776
teruncium 78, 9ο. 157,11111171111159,116
415 consequitur 61, 548, 117,
1115151 197, 145 519. 171, 155. 114, 688.
concutiunt 157, 41. 511, 5177671
18 consequiturque 116, 145
confuge 51, 161. 81, 155. 11111111419,166
’1 ⁵⁶2· '2³’ 1111111171.
868, 6688 884, 6555 888, ο715. 8668173576, 5618
681. & 1116191119111. 617
1117141111155, 5 consilii 165, 41. 516, 415
‘nn-² 111111111111...
1115151511511. 198 111611141εὲ41, 566 ’³
111111- 11, 446. 11, 595. 1111111111 55, 711. 161, 5ο.
51, 611. 56, 754. 115, 147, 716. 189778. 581,
111 116117· 115111· 4³¹3t
161, 11. 178, 451, 114, consi 157, 416

69 , Ξ alisi· 9118119111. 40188818 61 54· 48188

551, m· 4111 ι81111
111618191141, 11
11,-1156111911 191, m· 1181

1 1
111161191151, 598
(mmm 10⁵. ¹⁴
111131111111111151, 578
11161111106, 451
1111111111 587, 610
consorte 19, 719. 165, 44

Qfflmw ,
11111111 158, 444 ’
11111111589, 665
conspe& 141, 111. 178,

111· ³⁵⁸· ³²⁶ 11

,813
musi-edice 154, 7961 ab

116188611158, 494
111611111161, 594
conspuit 51, 641, 151, 751.
11661861665115, 19
1115151111 1ο, 111· 1111
conspicui 156, 579
conspicuus 556, 467
conflabit 551, 164. 4571
(1181111446, 158
constantin 511, 195
1111111119, 555
111111111111151, 514
consternatique 541, 61
111111111111191, 75
,constitit 15, 467. 1, 619.
611111· 11, 81118
611. 144,15ς. 151, 451·
168, 169. 185, 617. 19ῖ1
158. 151, 868. 169
591, δ’ alibi 91619111.
1111111111 171, 448
1111111111181, 569
111111111165, 55
1111111111 411, 111
111111111145, 658
consuescit 456, 465
11111111 511, 159
consuetaque 585, 491
consuetas 51,166
1111116181111 554, 651·
11111115 45, 141. 516, 411
consule 51, 511
11111111 75, 9. 461, 576
11111111911198, 565
1111111111 89, 546
111811111119,115
1166111161446,156

„amun ,

 

