10011110111

63 749· 1311.49·
:z ..

,610 4613359
31342 59 399 934·

ᾞτω
9398511
1, 039. ’106,46
,9,136
>2³2 540
3911 614· 4991

10, 696
83, 914
1, 838

88, 637
7191 444

0.9340 3

ἶ13 313
470· 793
100011

&mm
mm&

153 ²¹9 8333
38, 100. 469, 691
w
4, 31 118, 376.
6.40
1470 719
3268, 361
17410297, 74
41162859 24
2325 290
⁴24· 583
909061
⁴· 15⁶, 547¹ 297,

369, 31. 999,Ι 790. 469, 01001181, 160
760 , 010101380, 190

creverat 007, 199. 300, 1100100841
505 8198818943 509
creverunt 00, 403 23, 4²¹ 01001910 119, 393
0113160 008 391 (310117001009, 435
crevit 91, 419. 107, 60. 010ιο013437, ις 438, 55
110, 010. 109, 661. 011031601064, 691 ’
004, 80 01101111 069, 090
0111333 999 407 1111110911101, 694
crimen 06, 483. ς7, 44,, 01101111610061779
460. 69, 614 71, 819. 1111110039467. 906 600 .
80,141’.19,ι 71 006, crudelem 389 06

“ 130, 070, 040. 087, 68. 1111113 087 76. 3835518

293, 231. 094, 043. 316, crudeles 910410, 000

141. 366, 60, 64. 976, crudelia 1131697184,

030 03004019
crimenque 157, 984 438, «11111101996, 701
11111’1169,011. 93, 477
011110189068.167,191.196,00.170,080.180,

077, 608. 090, 197. 301, 974. 008, 179. 061, 377.

470. 321, 01, 080. 966, 068, 359. 430, 796

67. 376, 910. 1381, 437 1111113119, 040

·013331133160, 990, 600. 96, cruento 107, 638. 470, ’

mwa-mww 08
010, 573. 019, 894ΙΙ 006, 0111011111037, 404
129 255, 04. 068, 771.. cruentas· 067, 344. 411,
096, 910. 969, 46. 766, 011
57. 373, 308. 498 900 1111131111 97 970
011113016119114ιη 401 011001110108, 104
criminis 97, 766.181,01111110 325, 395 434,
41 . 81
0113111119 93 1111719104 306, 600
01111111113080.7 70 0111111 11111 35, 718109,
0110101398, 617 199. 014689
enne 04, 450.125.559 01101109, 101 171, 093.
070, 089. 004, 78 312, 1· ,,, ,988 049, 764. 060,
6. 986, 984 370. 090, 110, 011. 309,
0000017οΜΜο00
100, 706. 109, 998. 134 01101069, 607. 80, 148.

ε, 801. 168, 161. 199, 189 100, 480. 001, 949. 07,

·004, 93. 336, 680. 981, 401. 199, 191. 061, 783.
000000 3001060376

, , crines 51, 083. 69, 673. 988. 410, 038 44098

04. 041, 900. 310,

3, 700
78, 669
63 4³4
6, 003

4593 54¹
5, 118. 078 86·6 6,.

34
19, 99. 008, 183

388
607. 099, 307.

91, 401-116, 911. 191, cruorem 198, 83. 199, 086. ”
ωιΜΑμκωωιπηῃ3ψηο00
040 nhwwamast
01311813 101, 494. 123, 495· 380, 409. 497, 801
1427195. 350, 280 111011 110, 140. 496, 469

crinis 222, 10.“034, 319.111.,11110,113. 004, 69. ·
· 0,0,801989,480.394,,68.401,

0111 ’111 199, 771 529

0111311309, 349 0111119, 096. 18, 906. 07,
01181194, 190 509. 99,391. 106, 980.
0111111189,όο 348, 991. 190, 430, 496
0118111000, 09 703, 489. ,3387 752. 354,

001603003 30100143710
01183376 532. ’,464 669, 011117104οο, 969 ·

689 erunibus 80,197. 167,147.“ ”

3543
1

 

