ἱ

1

*VOCABULORUM

8017011111 30, 391. 431,80311111331, 603. 64, 633. 801013001309389

. 133, 336. 3168139. 398, 8013130030 390 693 . ’
3103703111 113, 301. 383, 889. 416,613. 938, 39 8001308903160, 131

, 489 80118111 339, 333 100111601138, 433
8103019, 108. 33, 861. 113, 8011111110, 368 ⁴ 8039413, 643

883. 316, 313. 130, 390, 9911101809, 393 . 9031393. ,803 ⁶⁶
18033098ἓο8 88838363 199, 884. 8116111ω 2: 23564Π833, 408.8 88181832 ’1863 3⁰⁷ ς
80619161 301993, 866. ’963,608’0’1’11’387883,803 8ἶ81υ11186869ἶῃ88. 884, 637.
’ 688 811111 399, 118. 338, 886133
80118103 393 390 383 0018 396, 883 “
810111 098931, 366 8031846, 631 80111194, 310. 116, 314
801031900944, «²⁰4 80381383, 393 138, 348 868, 369 893,
801 114, 869. 198, 811. 80886831318, ²3 813. 331, 9. 339, 398

893,816. ·09, 333 8081006601331, 333 18110 394 39. 413, 869
8108900898, 806 808 0811800, 333 80110900191, 808
1100110010, 134.114,386. 8010118133, 438 833, 30 80111 81, 16.1 91, 403. ¹⁵⁶⁴»

111. ²¹0· 3²92 461. 411· 111. 611· 161. 111 171

336, 300. 333, 381. 430, facundaque 83, 419. 889, 8001100413, 383
110817063ξέ1,8 3637 8001668113 893 810 ton85711575. 33844866. 1844,
nullus 38, 310. 131, 318. 8000118101 33 680 398 388

136, 338. 436, 40 310, secundi que 804, 913 8011101011,.388 838, 663.

·16· 113. 466· 110. 1·1. 61001011·4ι6. 141 41011· ·

5²9· 181. 116 · ,111.564. 1611641411· 61114011. 4·4

566. 568. 33,, 666. 393, 80100800831,813 8001043, 38. 31, 833 33,
..188189 811188, 8. ς, 11111111, 111111.
8080810910183 8088111393, 383 690. 943, 130. 466,313
8100111801, 343. 313, 113 808811 8131011181 0, 830 8000890049, ,238- 33, 406
800010084918 808 1089610013 349 80111191, 483. 316, 140.
8001111336, 33 8018131404, 603 431, 391
8001111601 186 388 80811131, 038. 841, 389 fontibus 13, 881 48, 818.
88810355 636ς sedataque 383, 363. 910, 36, 83. 88, 173. 96, 343.
80180900188, 481 190 110, 368. 400934
8111611409. 168. ..443 831 federa 69, 333. 190, 46. 803111 108, 98. 113, 183.

8018010431, 368 ’,8808 48,6 483.81ς,715. 1441699694461668· ι911 ι. ’

fluit 13, 866. 30, 831. 831, 880, 833. 413, 380 485· 8
999, 969. 237 19901· 66 10· ·11. 111· ²04» 403·

111. 438,38

410. 361. 5⁹⁹· 416. 461 64101119. 189,

fl3²9 f›²80353 366 foramina 948, 44. 333,
0103118389, 430 8080900896, 339 438

8011810316,186 80801893 333. 338, 344 foramine 306, 30. 109,
8011900813,163 1080901808, 303 · 183

6010011848, 333. 493, 180. 80131311 80, 331. 88, 91, forcipe 181, 3361 833, 38.

. 449, 313 · 36, 494. 66, 301. 88, 330 833

8111011189, 111. 13, 188. 386.113,880.118,338. 801113, 196. 16, 830. 69,
16413·οΗ114 144 ·1. 111. 114111· 101· ·11. 116· ·111. 6136166·
483. 88, 3938. 30, 333. &aab 143, 304, 838, 868. focem 22· 38. 840, 308.
49 4141901001 114.111-161.714
60,589·801011131193, 336. 106, 89 8010111 33, 6.8 883, 46.

8001109033 33,9. ’40 16 183,60 894, 893 389, 318, 13

60111· ·1.·6116 1. 14· 61· 8139938960. 1614001·
1951111554 413 8001301419 341 31, 8.19 101,
8101010846οΛ33 8011100801883, 80 699181, 433. 184483

8013111110 30 833 8011110011 136, 398. 330, 1381446647. 168166.
. 8801006483, 399 163 6831816418786681·
11110110· ·16· 00111 10004· ·1. 40 ²2⁴ »1⁸23 164 ³012 999

 

