Ι r' 1 ιΙ Ι Ι
1
, .

Ι 1

’ 101110101011.

969 1111111911 197, 996 exhausta 14, 443. 346, 161
111111. 19414. 39, 714 68, 1111111117, 781 1 1111180141, 149
717. 117, 347. 178, 499. 1111111134, 339 1111111411, 916
344101.38,,949 1111111111. 199. 111, 491. 11116111311,164
exurgat· 139, 7 180, 7ρ3. 109, 413. 309, 1111111111·-Ι 100, 313
exutor ,ι a, 144. 199, 111. 713, 334, 611 11111111163, 441 170, 113.
39η 896 excussum 99, 617 191, 181
exaurire 312, 19 excute 101, 689 - exhorruit 109, 139
8881111181 8811181518 :ihfithqz³2⁶;tif⁸205
excedere 108, 89. 331, 971 excutior 498, 914 1111011111441, 191
excedit 301, 469 excuti. 181, 749 exhortatur 190. 403
1111111473, 841 1111111190, 404. 196, 91. exhortatus 343, 48
1111191143, 994 336, 678. 344, 98390, exhortor 190, 39. 3084689.
1111711199, 913.131,191. 181 373134 ,
339, 719 excutiunt 52, 319. 310, 739 exibit 491, 371
exceptu» 117, 619. 198, excutiuntque 317, 436 1111110184,134.180,910.
168 11111118, 389 Ι 319, 474
excepto 41, 60. 191, 868 execrantia 139, 109 11111117, 196. 137,44. 148,
1111411111400, 949 111111111410, 191 360. 419, 341
exc-eriere 170, 197. 189, 11111111377, 319 11111111108, 86
670. 138, 496 exegit 131, 734. 141, 931 exierit 186, 91
1111611911194, 166 11111111, 14 exige 116, 119
exciderit 344, 109 exemplu 11. 366. 110, 431. 1113111173, 900
excidit 53, 118. 61, 601. 173907. 179, 994 exigit 1¹¹. ¹90. 196. 5⁷²·
111, 176. 199, 171. 138, 1111119111 101, 731. 164, 83. 116, 797. 348, 109. 413,
419- 2⁷⁶2 590- 40⁸2 139 111.Ι 857 248· 410111
11114111 399, 919 exempto 117, 611. 171, 493. exigite 101, 338
excipis 313, 91 308, 689. 418, 667 exigua 91, 490. 100, 136
excipit 39, 711. 41, 68. exomoloquc 79, 111. 471, exiguam 169, 187. 149,
91, 314 94, 366. 118, 834 “ 690
634.134,790.149,160. exemplum 119, 714. 119, 1113111911118, 619
104, 401. 114, 668, 686. 117. 130, 149 1113111177, 90
199, 131 167, 333191, 1111191111411398, 911 1113111308, 691
186. er 11111. 1114111390, 687 1119111491, 391
1111711186189 1119111111418, 430 exiguo 100, 319. 111, 999.
1119111181, 171. 199, 300. 111111811399, 911 Ι 111, 619. 111, 18136,
383, 481. 411, 160 111111811169, 179 383. 343, 70
excipiuntur 230, 130 exercentur, 379. 387, 614. 1113111398, 888 ·
11111170, 779. 319, 384 413, 996 exiguumque 380, 409
1111111334,634 1111110191,187 exiguus 110, 441. 179, 486.
8881109188.. ,1, 83188853* 45811ἒέ1896...
· r · 1 ,1
938. 430, 711 ³ 1111111144,149 exiliuntque 186, 696
1111111111 31, 691. 79, 117. exercet 63, 618. 167, 149. exilibus 1914. 433
117, 396. 116, 990. 136, 118, 791. 117, 166. 360, exilio 80, 131. 193, 131.
13. 180, 913. 119, 108. 983. 366, 94 366, 61
161, 176. 337, 719. 397, exercetque 251, 816 exiliis 498, 919
499, 397, 874 11111111111, 634 374,169. 1111111179, 9. 99, 619. 118,
111111111411336, 676 469, 768 184
ceetomone, 741 1111111111 387, 603 exiluisse 164, 77
11111111171, 819 exhalantem 137, 61 · exire 10, 344. 111, 489.
ruht 1118 their
11111111 391,’ 7³24 111111111111135331996 390, 697,7 35 ⁵5

1110111111163, 119 111111111498, 918 1111111190,164. 79, 110

11111111114,196 exhalat 110, 434. 110, 866. 111144, 119. 77, 79, 78.’
excusat 55» 111· 116161 4¹⁶» ³10 11⁹» xur- ης. ⁵⁶⁵· ¹54·
1111111180, 918 1111111111 313, 43 911. 196, 971. 171, 2⁹4-

¹²3·

 

