70030030306

,738 399, 483,
049 7¹ 1957

5709050830 777, 340. 463,
333

066666
700, 668. 3·.3 530. 336,

mowwwwwnmffi1wffmmm

370731
97’477
47 4
467. 333, 377
483. 304, 396.
&mm
404
333, 433
ε 333, 845
455

’514·4557 155
340736
97155

545· 557 571
365780
,337

6067

6666 ’

715· 717 799·
303, 438.’ 337,
776. 333,336

577 738
,, 380. 333, 736.

,684, 698. 309,
555· 1997 419·

,433
660
76, 63

337, 369
575

77516

307. 334, 347 335, 102.
0766607
imposuitque 44, 12⁴4
5709335573 70, 786. .375’, 565
1970110156 473
57097063 367, 336
570930637433, 537
improbe 118, 370. 366,
112 '
improvisoque 409 567
imprudens 97, 435. 334,
63. 189, 330, 393, 383
5mpubesque 93, 433
5039065603 370, 436
5709030073 347, 357
51npuIeii 7465, 697
impulit 76, 21. 333, 525.
5507 561 ’
507905533390, 145
30790150 77 63 333, 708
5709055070 343, 338
nnpuliumque 356 53

mmn2mmw
739, 339. 373, 318. 232,
179· 1407 495 1577 71·
mwmmm
²⁶5· 3757175· 59577417

,mmmmm

imputat 55,400

5mputet456‚ 470

imum 330, 763. 335, 397

5mumque 330, 504
Μη7οΜ6717
77, 83. 69 775567 9767779777.

503010750053 6’,40

3517411· 50857116
8388‘,³10⁶,¹
5077533 393, 83
5030300773 333, 844·
inaurato 390, 706

inc aiant 467 735
5005057343, 87:

incaluiss'e 440, 307

incaluit 46, 375 65, 574.Ι
90, 373. 360, 363

incana 25,0 603 ¹

3033063507 68 738

incautus 336, ’376

incedere 57, 7449. 776, ·
455

, 5007455370, 77²· 152, 73⁹

incendia 47, 075. 53, 0965

mmmmm

350
incendit 97, 436

incenduntque 433 790
577 3973903 363, 34
incepti 372, ¹2¹7 -
incepto fii st 3633 50. 794,

14
5ncepioaclj. 376, 397
50309703 366, 307

interii 749, 483. 039, 4713
470, 783

inceroe 377, 639

incertas 337 366 .

5033735464, 666. 475, 874

incerto 71, 808. 338, 388. .
5547 419

incessere 373, 331. 389,

4,(78. 238 463 ina hides 336, 753. 333, 566 .

n
517 155

70
QO

5066555603 37, 633
50335757 379, 686

Inachus 30, 565. mm.
645, 633
500903103353, 406

incenit 258, 97. 386, 46 Ι
50735503 334, 636 -

incidis 333, 798
incidit 38, 300 339, 3047 Ι·

1057 511
in'cidit 330, 345

333 337, 394 inamabile 733, 477. 435, iniustus 83, 363. 3915

517 475· 1117

554
i 433 483

5035660506 338, 765

5000000903385, 15

m

· 5nc5ngere 430, 7²⁰

5555155105122, 483

773, 875. inane 63, 677. 753, 738. 30330333 39 242
179303. 358, 377, 330. 383, 368. 363, incipere 446 336

336
557 7414

²²3 383 488

· inanem 30, 348. 4109!oe-

53094090, 377 ··
1111511111, 354» 595

,390 333,· 3ο. inanes 307, 336. 393, 5767 incipit 7007 ⁶·73 1717155·

536, 56
76, 430. 303,
mmm
7,634

5407 3· 4457119
inini 47, 7667 355,636

3547 591
wmmw·nm·

5

6007667

. 787. 274, 333

inci ’53473,833
incitat 93,.493 .

N 0 3 inelimati

ι
ί
ι N

 

