’ ·’·4”4444.4·.4 ·.

, corniger 478, 47. 343, 684 corpus 33, 384. 83, 844. entem 333370 ·
4444444840 84 847. 848 784 44 ³0³ ‘mr 8448 884· 4444· 48

4844443874 333, 346 84, ·.837 87, 308 83, 330,, 04
0844738464443, 706 333. 30, 336 34, 3474 tmen 438 84 390684
44844444 83 874. 73, 873. 33, 94. 333, 383.. 483, 444, cratere 434, 344 ·
333. 448, 334, 433 383. 33. -440, 438. δ’ 481666 0444674333, 343
474, 4.33 488, 343. 437, 34844744, creamur 285 48
83,· ·.88 438, 34, 37. 433, 8843 sque 443, 433. 440, cmm 467, 446
444. 344, 48. 333, 483. 34. 6438, 433. 348, 434. creat 25,433 , 8

-,384 844 333. 873. 380, 338 4484444484, 333. 83, 758
cornua 25, 333. 34, 844. corque 474 484. 464, 478 ercan 38 333. 443, 688

36, 730. 42,8 88 37, 333, (8448664473, 348 treat1217o,206 430,30

73,8 55 8,ο 433. 84, 4844744 474333 484, 733 844448383643
433, 488. 484, 884. 437, correptaque 48 437 4444484433, 303

38. 433, 444. 433, 473 compa 330 473 erutus 208 388

“ &alibifflaphn correptus91, 346. 430, 676. 4484440433, 43

0044843448 33, 477, 400, 430, 343 creatus 36, 760. 63., 630
’488 4844 4784884888 7877744484 8484 4444 4844 444,

tornum 8474 4888- 448, 877848 44 ¹45 303· 484. 8844484 448
334 corrjpiem 483, 644 343, 633 ”

torm 473448·,343 37 0847ἰ77444444344, 337 crunnum-116

enmu3214,683 . corripit153, 483 creavit296, 347

4Ι corona 38, 47. 383, 538. 4446764437, 448 tn hammo

363, 4 , tempnunt 97 38 ereb 44 473, 337
48444474 38,333. 448, 484 4846748443,43 8483484384, 308. 387, 744 ,
8878444444 448, 478. 330,703, 4847474444 366 63 · credant 334 46. 354,330

364, 843 corruat 55, 383 cred 4440, 33. 477, 643
· 4848444444 467, 335 corrumpere178,461 84061 433, 30. 434, 434

8448444444 434, 463 ‘⁰¹¹³ 5³· 33 644 585 2674 75· 1844 85078804

- 8848444467, 337. 338, 838 868 353 ,334 5d¹7

343, 708 cortice 43, 333. 448, 373. cre 44 44 300
8848444430, 388 453, 337. 433, 784 48 crede 48, 384. 443, 448
8848440383, 838 364. 478, 838. 304, 333. 4444 94 303, 34. 443,
coronans 47 743 448, 484, 544. 348, 7.38 634 ,.

08484.,44484 383 348, 638 credens 297, 384. 343, 480
(3848476444364, 643 0744860, 333 40464. 460, 366
coronis 88, 334. 343, 34. corvo 437 343 8446475348 433, 44344 474,

343, 343. 330, 733 coruscant m 433 444
48478443, 4. 11', 436 48, corusca 37, 768 8886808088444610

300. 47, 347. 33, 433 4874444463,834 eredere 87 3¹¹ 448847.
30, 7.,34 348. 53, 4847444 84, 336 132, 734 477, 444. 484,
358. 37, 353. 83, 833 Coryc12219,120 384. 443, 835. 443, 744.
63663. 0, 774. ets 4 484744 488, 33 Ι n 433, 388. 4634044
3667444744 cor 444844 480 683 338, 300364, 843
88438443, 48. 43, 488. 43, Corythi 438, 443. 404, 364 8408408893,μο46 333874.
348 33, 706. 36, 733. Corythumque ,30, 430 343, 443
35, 430. 78, 775. 78, 33. 08477444 338 434 credi 33, 838. 38, 848
84, 44,4 438. 85, 433. costas 434, 746 446, 340 333, 360
34, 347 33, 367. 0 4684· 48644 438, 78. 334, 330, ere 6084644346, 460
quzmplun 347 0406460880 336, 336. ff,
purpureasque 330 403 costumq ue 438 308 843
48478744133847 6, 307 8404866334 ,368 credidit 403, m. 383,
4747844644 84, 484 474, 47, 4448484444 343 333 3334
484, 433333 804 (1443844478 633 credimus 33, 430. 475,
48470444 44 408. 34, 650. Crantor 753 367 · 333
774 48 ⁹0 448 4447 (7788844404 8888848044- 4484877
484 ¹75 484 8844447 87774444 ²¹⁶ ' 8883874484 448·- 444444
844. 448. ,7444 444 4844 8787888444 744 · 187781878484 4884484477·
37.,4303 6.743. 3, 873 0748430806 · 8 873- ,3737063- 336434
cndu 4888
8

 

