44444

devovet 459, 404 1844440 46 487. 54, 695 64 654680 458, 455. 25
'devovitque23o, 454 44584, 456. 8,4 485. 400, 954
0444445440. 55, 664 55, 85, 454. 446, 5047 476, 84884944 94 504
.4Μ744Μο muMJMquifflNJmu 0
⁸8nwmw· mfflmww mm
mmmmm· mmmmm·ffifflww8
55585456. '⁶⁴’ 55 555 4888854... 88885958, 555.· 55
Mn) 5¹ 480 dic 252, 5864. 4595855595. 0488594 985 5.65855 55
Μουψω4 ww ι 40
444. 44, 444. 45, 474. 8444444 504 555. 464, 595 884444 74, 840. 54
Mmssswmffiwmn 400
, 49, 557 54, 599. 54, 8444464, 565. 440, 454 44444444 4946 44.
69. 4, 74. 67, 744. ducat 46 8,57.9 504, 467, did'. 48489, 558. 407,
7, 870. 0668784447. 468 84 404464 560
Deune59,7 944 84448444 408 75 88844844455. 587

Deusque 64, 647 457, 45 8844844445, 705 Didymaeque 407, 469
8844644409, 464 8844444454, 480 die 3⁹¹ 405. 6,, 74

84444449, 640. 440, 444 844484 55 554 6457. 554, 444. 5
444, 486. 44 9, 844. 455, «hans 404 689 449, 540
49 457, 85. 494, 498. dicente 425, 544 dieque 55, 343. 44
³¹wmmfflv wwssmwv ww
56ι.,407 409. 446, 648 445, 459. 455, 47. 465, 884484 4465, 494. 487,

8444464445, 458 446 486, 40. 505, 609. diem 44, 448. 40

dexterior« 197, 444. 554, 545 40 404 966 685. 55, 454. 48

84454588 6, 45 44, 474. 48, 55588555. 454555 45455 84555 555 55555587556504555 55
555. 40, 45 44, 64. 54, 8444444444 507 657 84444944 54 58,. 478
544 65, 644. 68, 755. 8844445, 4. 54, 504. 58 dmum 546 446

74, 8487 874 84, 464. 488 440, 468. 449, 40οι ἰιιο 40, 45. 80, 456

’,85 464. 66546645 445, 408. 448 , 544. 45. 449. 95, 549. 448

wwww·ffiw· ώώωεὸι mffmuw
mmmm 88 mmmm

wwwummw· 80674 mwm8·ffl
3,78 555. 440, 494 8444944 80 456 489, 446. 495, 474
8445440900 444, 497 dicimus257. 122 745. 546, 450 406
8444444447 494. 457, 444 88484 444, 590. 440, 549. 444, 444. 4457, 446
48888.. 4., ,... ,2 68. ,585 ,5458 ²¹⁵ ³³⁷' 4881, 588 5855
89 (184844- 49,9 9.54 247, 704 88840084544145, 336
8444474465, 674 480, 506 dista 46, 444. 54, 656. 6.5,6447 865.,·,9 76
mwfflws. vmffimssm 0-56476
844444 40 48. 98, 598. 404, 406, 44. 445, 50. 467, 484. 745. 3²2² 746
544. 544, 45 4.58 468, 456. 407, 484. 8846 4.· ,854549
dextro 139, 120. 171, 229· (5 086645 8488488057, 447
476, 406 84644944 408 ‘·5· 459, 67 diffini 4444 465, 484-
dextroque 454, 749. 466, 6644 587 648 490
498 6886804940 75, difficili 548, ac!
dextrum 68, 758. 454, 754 1846444 445 45 ιι·ιιι88ιι.Ι 84. 447. 4471
594, 750 0868408444 3. 480, 746 8868844844, 7,
D? 5, 4 bis. 59, 554. 448, diens 74, 854. 409, 544. 8864804475, 766
wuwffimw mw Μώηω8
444, 74. 445, 97. 475, 84884 57 766 445. 474
‘ 489, ’ff 51574, 544. 48ι,8’ 484448 590 843 405. 70, 88644444 44, 444 476
offae 4054, 5690 5 , 575 565 5545485 56555 883, 888468 4565545 467 6757875
ῠι444448, 474 6.54 445, 485. 464, 4, 8864 4444 88 548

, Diana 57, 454. 455, 555. 464, 54. 465, 56. 645 8444444544, 44
456, 595 alebi 885ιῖ ιι 440, 469 q

 

