. vocAnwzokvM.

,.666 158, 461. 4661114, 445. 56, 454 75, 46111111146175. 144, 614·
7178, 644185, 6. 84, 158. 167, 156, 46611155, 671. 515, 111.
μηώΝιΝρψωω6νψ8
1.4,,17 655 5, 665 166,156 4611611114511. 5ο,154.
v5m· &W §memWffi
memxum ηΜ6Ν16Μψ
mmussmfflmmnmzwmmmw
32. 141, 557. 564, 456 616, 564, 575. 511,165.
1164 46111111 15, 456 456, &am
‚sw9wvm8 mmmm
Ι18 116, 57. 145, 46111111 144, 116 145, 164. 4616661116, 515 165, 6761·
vw·²5wm⁶5m·mm›wm
m ,ΜΝΝ.66ΝΝ mm.57
57, 776 16, 115 11, 5 ‘5 11, 41166611 144, 745147, .
m 3wmffi άῑόιψ
14, 515 5611. 4661511158,611.165,146.
5 4⁷¹ 4611 1144117 148, 574 168, 566. 1·. 5, 487, 116,
1, 416. 157, ’57.46611116881.141,166. 665. 56 614 555, 446
mmmmm.. m
M85m355 ' mmm2m
51. 51, 4556. 166, 468666,767. 111, 466. 4611161154114 174, 554
14175, 156, ,558 211, 66,.515115 17,6668. 548, ,114Ι ·
ghnw fflfflhmhm 5Ν6Ν61Μ6
’1161 4661154116 151.116,155.115,145.
wwmmmWyWfflm &mmmm
1 Ν11Μ ο
,951.,16 555 566611468115 4681111 51, 611. 56, 447
ΜἩ1ΝΝΝΜΝ11 ffiwm2m
4418418 164, 7685611111 176, 212 11. 166, 441. 208,471'3 ,
nvmmmmmmmmammmnm
18. 566, 655. 555, asma» 178. &I ’1666 45411551, 581. 554 651.
wmffi ΝΜΜΜΜ6·ΜΝΝΝἏ8
,6.11 515, 141. 761295 , · 164
66 175, 53 1, 11816 11, 174. 54, 566. poteremur 564 156
16, 44 ’457 448 171,146.147,157.158, 46666111417, 641 ,
65 65, 678, 114, 451. 141, 571. 514114 461111181, 154116, 155.
88, ,8, ’.81 85 8888888888 ,188381 ,1, 1..
11, 576. 458, 529· 4616161141,161 557,4 4611111116,416.114,65.
¹9 46611161 ’,566 587 168, 578. 164, 465
n u‘fis2vWWu6155 www9251

9mmmwmmmssmmmps
6

6 161, 645. 174, 574. 166 118 118 4611114, 557. 51, 657. 454
6ΝΝ.Ν ww·Wm·W5mWfflMNJ5
61 &1le 717 18418174546. 181,
118187 posuique 66, 175. 414, 754151, 545. 566, 611.
&mevw , summm&
8 mmm 616
’14544 585, 671. 4611518, 654 4611111, 465. 15, 664 45,
15. 464, 54 46166184 141 115,516.1,51 61, 565. 84146,
115 1111111118 3· 611.· 811
65. 556, 854456, 414, 57.· 15. Ι5451,,,,18 41. 161, 5411
potente 158, 464465161114111.
8ΜωΜΜΝΜ616ΝψΝ6Ν8 W
13516· ¹5²» 457 4²⁶· 224138686 ²5¹· ¹24 53³· ²55³ 0· ¹90»
146. 561, 616. 584, 565, 665. 584561. 455, 144. 144174
ΝπΝΝ Ν·. rffifflm w&

 

