76677776777.

4717441477, 745 Saturnia 57, 677, 645. 56, soe1eratae457349s ,
1111 74, 761. 767, 547· 775571- 8861151· 5555555115, 77546177
6646775775 76713438. ἷ737ἶ3464φ64ἓ, sceleratus 7463· 7767 75, ς.
111141 ,4118 771· 161, 176· 414, 320· 141, 477147, 774· 171,
nis 107, 57. 798, 759. 457, 787 406
,465 576, 467. 559, Saturnium, 765. 754,476. 7147474 745, 775. 567, 466,
·767, 141, 1471771, 147. 717. 164141 468· 441. 118 .
,, 5555455 “ 877454ῃο 9,- ¹3 scelenque 296, 3²²
4 78, 85. 777, 759. Saturnus 767, 776. 775497. sceleris 179, 475. -787,
,767. 755, 779, 564, 475, 858 578.Ι 774, 87. 775, 765.
· 3011497· 7481 167· 6101160 447 ¹²0 0561468· 0931 117171,
,147 771, 716. 781, satu· 8. 81.. 76. 771· 177, 5 ⁸⁷· 7111477 ·
. 476, 795. 457, 754. 565. 577, 774, 786, 568, fetensque 99, 645
, 775 475. 416, 677 scelerum 565, 45 ,
'que 76, 59, 754, satyri 766, 776. 775, 585. scelus 86, 447.. 677. 775,
176, 777· 417, 677 ⁵0³· 1041075· 177, 171·
161,338’ 37774756475,795. 765, 75 , 775,757,776,756.759, 5
que 777, 494 Satyron 34, 697 464 611· 0491 774· 0781
789, 78. 774, 547 saucia 9, 767. 54, 567. 64, 505· 796, 574, 7 5, 575,
768747 , “ 657, 77, 808. 758, 575. 5571 3463147 7· 4404
7 7 .
43 56633677. 378, 7741671757ζέ6, 779. 767, 764. 66171116511651551, 66
548, 766. 556, 786. 757, 6617111 711647. 1476,Ι 566. Ι
11 777, 777 711 , 7711161
’4714574477 7174477, 466,·474. 58, 491, 61700 416611
478, 675 84, 776. 97, 576, 755, sceptroque 77, 778. 797,
776, 774 ⁴ 778, 747, 766. 758,675.· 103 - ·
7111 7171 76 181, 747. 176114. 111, 01161111 1811811- 7711681.
1716, 177· 717, 181417717171777. 1611716· 1161617 ·
6111111. · 0011111 7671 617· 717.
476466· 777, 477 1111111479, 747 · ,660 .
,4777 574, 755 suen 775, 557.Ι ἰ754, 565.Ι 6056461170 5
,14 ,7571851447515 686351-79191641176
89. 768, 757 sucus 465, 75 6011161143, 90157, 477486,
16, 577 77676456, 598, 897 , ,13519764717677161
69, 785. 575, 576 saxificos 445, 777 6150656 1601166
416, 554 saxis 575, 47456, 547 6030610876, 685 4
,124. 775, 665457, samu-376. 55, 679. 67, 615101581758, 586 · ,
228² 26¹ ¹8 511. 111. 718. 1145551 6155511 177, 111· 477,
677, 787 ’ ⁷ ’ 566, 170717, 1766, ³3: ςςέ 661160003161465
1177777 116144· 714, 741· 6001111101 · .
575577 - ,[,77 seue 65, 675. 88, 558.
35. 757, 219⁴, 875 suoque 55, 778. 745, 755,1 1191410· 1561510» 1171
601140 2 765, ¹⁰0 '‘ 4 77717714177171477·
757, 856 saxum 57, 576. 77, 856, 775, , 5687 ⁶7²· 4¹4» 4174191
v. 75, 796. 76, 557. 778. 777,466. 757,7 7. ,96 · . Ι
776. 76, 566. &t alibi 775, 569. 575, 776. 8177551515 115 16518161, 23
i. e. 5454776417, 78, 661, 666666, ²⁶. ³⁵, 866767476ς766ἶ447
saxumque 554, 647. 557, 6117711165
120, 429 34¹⁸ 424⁹ 565 ¹ 7811688617. 220, 8ςῇ
ς, 787. 746, 747 7416777 756, 867 6616· 114, 54⁶
77, 777. 765, 755. scelerata 76, 777. 769, 775. 8151111917 477, 576
93· A . 777, 456. 77ο,7ι5. 767, 115611 755, 477 ,
756, 477 546. 756, 797 , 7447 46, 776. 755, 474. 787,-
7171166 77416769167791 10111141 ,8601 7761440
7565, 547 94 588, 678 661116111771775 ‚ ¹
5 · ⁴ 1875 inunum«

 

