Ι.Ι ἶ 6 . ·Ι ι ,ΙΙ Ι 1.,
ι “ , Ι 1

'VOCABULORUM.

6111111111 117, 76· brevis 79. 114 85, 167. cadentum 141, 154,
blanditias 18, 551. 184, 651. 156, 696. 151, 455. 175, 6111111581, 486
11881881ἶὲ88 18888888, · ‘²‘ss‘32 ³32¹, ²⁰· ⁴⁵⁵' ⁴⁴⁸
’ 1 ,’ 1 '
61111616ῐεῖ 185,,616. 186, 611νί816161 59, 517. 89, 6611549145
θῢωω 1 mmmu “Qmw ,
6111161161 199, 416. 464, 8111111661 468, 751 61611 116, 579. 146, 191,
1188... ,1, ..ς 88888ζᾷ3ἰὲ7 ⁴⁵⁹ , ἔὲἓῖ 88, 1111, 333:
6111186 585, 555 brumales 112, 199 bu. Ι
66661461, 5 6661811811 178, 645 ' ¹ Cudune 86, 151, 158. 116,
1111611197, 151 8161116179, 696 591, 591
81611466 5469 bubo 156, 556. 177, 451. 61116111.ι86,187.114,54’5. ,,
,Mwm imm ww .
&otiaque 75, 15 6111661116, 555, 557 Ι Cadmeides 166, 564
66111 176, 197. 157, 88. 6111111176, 595 011116 81, 174. 111, 476.
&mu mmmmm ww ·
66111146, 678 Burin 448, 195 cauno 75, 5
66156 45, 97. 71, 869. 465, m} 168, 88. 147, 716. Cadmus 75,14 76, 14. 79,
. ’ , 1· 11.11· ’11
6611364565 6864586451 ' (166661196866 -
6681111119, 166· 1111616185, 665 1116161176, 596. 176, 596.
nuans 566, 447 Buten 168, 566 - 178, 656
8611846185 3116101115911781 caducifer 67, 768. 144,
1111111185, 681 81111 4131 -537 617
1111111456, 471 · ι1111111091 134 caducum 516, 758
861116961591, 717 buxoque 517, 417 11661679, 115. 158, 655.
florens 7, 65. 186, 761 586, 6116116111 130 194, 141. 169, 541. 111,
418 67611 176, 586. 178, 656 586. 556, 516. 557, 496. “
661 51,611“. 75,16. 76, 16. 8761111171, 451, 466. 177, 386, 464 587, 615. 414,
mmmmm 61 3Qmm
mum &mmmmmmmww
6661111181, 759 551. 178, 661 11111179471. 561, 476 ·
66111 66, 685, 766. 155, 6111961115, 561
mwmmw ' mem
515, 58. 441, 116 C 6111961161, 541. 166174. ·
mwwmm · mm,
. msswwwun . ammutmffn
97. 555, 581. 588, 657. Acumen 18, 551. 19, 146516. 455,816
441, 141 567. 55,666 canique 117, 158. 416,
· 8616461169, 556 616666111831610, 346. 576
61116114,15.15,18418, 16, 791. 186, 765118, 1116 95, 496. 171, 195
556. 51, 655, 656. 57, 864Ι 158, 95 1116561414
761, 767. 41, 81, 85. 47, 611661161181, 195 cede 11, 149. 56, 441. 86,
195. 51, 176. 55, 551. cacumine 114, 155. 175, 145. 99. 615. 168, 97.
58, 478. 61, 586, 581. 511.151,157.147- 716. 116,165.116,419. 158,
⁶mfflffimm mmmmanQOffl·
6111611961156, 55. 186, 58. 589.196,146.191 195. 111861.
166 mmmwmuffifflwnmwnm
611119118.166,677.116, 16 116, 166. 115, 565119,
167, 165, 49. 185, 791. 61811146, 518 869146, 567. 516, 469.
187, 85. 595, 651. 584, 6181666186, 565 551, 198. 567, 85 ,
518. 419, 441 cadendum 561, 616 cauitque 114, 675
6111116151, 457 . 11616613331694 11181114 , 769
brevi 11, 411. 156, 51166, 6461611118, 617 Ι 11111611 575191
· ’ ” cadentem 116, 148. 559, 6111111596

6113186111 165, 86 784Ι celumque 147, 761
brevior 185, 768 1161611611 508, 509. 419, 111111196171, 819
bmmw 7η ψωψωᾞῖ

 

