2

6·662262622222.’ ¹,

26922826 266, 672 .=ssueto46,·1⁶5 82122 52, 296. 228, 637, .
ἱ228222222328, 186 “ 21826262 336, 696 ’ 646.,229, 657. 269, ¹74-
222722 222, 624 . :nunus 3853 554 ’ . 265, 273 ’
9222112 234, 783. 422, 227. 28622222 292, 79. 452, 384. 2222 238, 72. 298, 259. 366,
425· 5⁹¹⁵ 4542 421 454 3²3¹ ³¹5· 323, ⁶¹0
287222 93, 486. 236, 233. 2622222262, 765 354, 462. 387, 664 476,
463, 22. 428, 426. 445, assumserat 339, 789 789
232. 466, 554 2212262215 346, 2 Atracides 348, 269
28218242, 22· 52, 285· 242, 2602666200 26, 558 2022 22, 65· 282, 558 ,
250 222, 20· 252. 282· nnn 452, 252 amm 202, 225· 225, 222
469, 765 81172222 2373 66 22212 282, 568. 238, tt&
aspiceres 56, 435. 226, 228 286, 685. 252, 872. 342, 52 ²'
528 · 228, 4⁶1· 255, 422· Ateus 425, 855
aspicerent 262, 24 397, 878 2222 297, 244
3232622469, 268 8822222266, 268 -22222 22, 27244224 233,· ‘
nicias 286, 552· 424, 2822275· 22, 226· 225·, 262· 225, s· 222, 252-
425 222442248 ’· 222, 562· 205, 555· 242·
28926225 222, 466, 81122222, 256 53. 348, 225. 462, 468.
aspicio 223, 652. 228, 792 Astreus 246, 244 563, 9. 422, 266 ·
anien 338, 753. 366, 588. 211222 265, 272. 323, 369. :tricolor 333, 622
444200 420, 287· 425, 846 Atride 228552· 442, 262·
2872222 46, 32. 48, 228. 56, 2226 233, 776. 265, 429, 472, 865
443. 64, 642. 67, 724. 372, 29 Atrides 362, 623. 372, 289.
82, 256· 52, 522· 222, Astyanax 280, 425- 222, 220· 228, 265· 289.
426. 262, 34 272, 248. 2187165352, 368 655
263, 384 224, 672. 227, 887721222266, 462 atris 70, 796. 83, 228.
264. 249, 767. 365, 626. 22 27, 283. 25, 472. 29’, 272, 288. 256, 778. 428,
222, 80· 228. 265· 584, 552· 52, 642, te 266· 420 2
522, 536. 464, 62 422222 plur. utrisque 438, 42
aspicite 374, 264 atque 25, 228. 29, 332. 22, 2226 297, 319· 349, 256
aspiciunt 525, 255· 266, 264, 522· 20, 582, et 2602222228, 260
76 41629286ρί6. · atros 1²1, 454
’2111222222 338, 756 Atalanta, 364, 565. 365, 22262265, 275
assensere 264, 259. 425, 598 , . 2222612428, 424
592 ’ ater 226, 265. 438, 44 attenuant 96, 396
:flentibus 26, 245. 244, 2822262212 449, 322 attenuarat 252, 844
664 8222222222 222, 467, 472 “ 2222222225 93, 489
28226292, 466 Athamanteosque 123, 497 2822142268, 492 .
28122122 266, 452 Athamantiades 399, 929 attigimus 422, 254
212222 25, 462. 36, 762 Athamantis 219, 420 attigit 55, 425 ⁴
2212516242, 70 1121222222 96, 564. 222, 212225 288, 264
21821222 222, 463. 352, 298 489 attolle 226, 244
26221222 7, 66. 276, 229 Athen: 259, 652. 277, 422. 2261222295, 294
21121226 395, 792. 443, 268, 567, 232, 262. 454, 2221122272, 822 283, 665
179 420 monium& 222, 222
2112826962 58, 486 8266222225, 723 attollite 269, 387 .“
affluentis 265, 267 Athin 238, 63, 72 2226116 254, 563. 226, 848
21121222 336, 526 Athis 237, 47 nttonitae 57, 463. 249,
2822211222 235,6 Athon 331, 554 Ι777 “ ,,
2112222122 299, 298 Athos 48,,227 attonitaque 2 54, 526
2186222 94, 567 .Α212228, 644 attonitamque 183, 666Ι ,Ι
“ assuerant 234, 335 Atlante 233, 772 attonitas 296, 254
21222222 323, 324 ι8212222229, 653 Ι attoniti 246, 682
2186222 62, 663. 251, 822. Atlantiades 34, 682. 67, 7ο4.’ attonitn337, 769
“ 324, ’89 72, 834. 228, 368. 244, attonitoque 345, 235
2822262457, 484 · 627 , attonitos 76, 46, 234, 862. ⁸
2582222962 226, 597. 363, 2162266266, 685 “, 357, 498
·· . 8212222268, 742.128,628, tttonitum 14, 262, 428, 422. ’

28ίὲ6692246, 687 442, 249 442, 253

26621122

m

 

