VOCABULORUM

18166166, 688.107,59.118, 1ἰ611111171,459 ¹ , 68. &effi ' ·
656. 156, 115 11661119517540515 ‘ 1ῐ66111174,518.566,615
1866116 597, 878 1ἰ611191,45ο 116111ῑί159, 516 ·
1618661147, 710 . videbam 98, 616. 597, 870 viderunt 1q3,131. 114, 685.
1868666116157 1861611115, 645119, 845. 415, 565 ’
116461166665. 414, 571 ,156, 56. 167, 545 , vides 55, 681. 71, 841.
888118. .., „a ,1, 63ἰῖ888ῗὶ8, 88818181Ὰ·
mmffiwmwaw& ssmwffimffl.
··161, 15. 109, 517. 116, 1161811176, 406 145
748. 166, 164 169, Ι461. videbitur 175, 565 videt 19, 515, 516. 16, 498,
mmmmmffiwffluwm4wffim½m
1η66ψω m “memm
ὥ555174554451415 1164141581 5415, 650. 468, 151. 55515.391,Ι456.11515, 5411
6881146, 501, 516. 160, 16611168 186, 56. 454,855 197ἶ &dubi 7811. ’ς’
664 videndo 76, 786. 179, 478. videtque 57, 769
fictam 165, 91 190, 54 vidctis 430, 719
116111618445 videndum 57, 771 videto 511, 187
18ἂὶ 78, 95. 565, 599 videns 198, 585. 411, 111. ‘videtur 63, 661, 667. 91,
1111111154, 161. 111, 597. 475, 856 6681651116. 186, 511.
441, 156 1ἰ611111ο,554 15, 418. 61, 185, 674 160, 507. 116,
gissa 505, 668 561. 116, 565. 146, 680. 575. 116,Ι 861. 145, 575.
16686961145, 185 Ι197, 551. 591,714 171, 418. 174, 515. 154,
11680156, 457. 78, 95. 117, 1461111616 180, 694 166. 519, 497. 556, 564.
617. 144156. 194, 158. 1161616116, 544. 59, 11. 118, 555, 655. 56 ,155
ιῇωψψψ1ωωψυ6ηῶωψῶωη
156. 568, 686. 546156. 175, 579. 515, 115. 551, 510. 189, 15169, 516.
1ψωὼήω,ωψῶ mfflwmm.
,zssssssssssffiff'ff’ffi ’8Ῑέ ⁹2²5 83188 ²²⁷2 81881188
· ⁸ 8 1 · 8 0
1166161”194,5143ιῖ’ 555, 116161946191,446.191,197. ama

566, 75. 585495 vidiffe 16, 500. 61, 599,

168461911646177, 56 videor 115, 717. 155, 881. 66, 695. 95, 515. 7, 575.

mmmm amn wwwvm

vianti 551, 554 118611 69, 749. 115, 565. 178, 444115656. 156,
6

1868061 161, 718. 164, 81. 155, 559. 515, 61. 51
111,15. 115, 160. 156, 185.545,116. 419, 698, 116161195476. 154,·788.
49. 506, 618. 546164. Ι7110 Ι455, 116
4 78, 548. 419, 455 116116 41, 65. 85, 106. 85, 116 166, 699. 115, ⁶55-

. 11 6111115, 57.188,161 147. 114, 544. 140,146. 5848, 645
1868166616966 157,Ι 411 191, 88ἐ 1514, 4604.Ι 148, 5444464115445695 57465 {a

ῊΞΞῩ ¹3², ‘40' 4⁶82 Ξῖἰι 22878·’389831885·’48·88 685· 861818· 203⁶!ssst
ἶὶίὶιίῗιιὲἓῗ 115501. 171, 184. 66ΐέ61 4631ῒ, 5 5463 ' ὃ, 441517 ’6 113 ῖ5745 {73³

551, 555 videres 95, 518. 115, 559. 4811668616 8766.
1868619511 151, 419. 171, 196. 165, 1141611151, 854
vietum 165, 584. 555, 588. 119. 516, 116. 511, 188. 11555 1914518. 165, 169146.
51315’313219aofflo. 115, 116418887557811. 514, 554 ’,1811148οῂ 'mm’
565. 154, 4. 511, 11. 547, 1566151111 150, 686 14544161116176, 77
‚³12⁸3'0‚⁶3'31³.⁶‡54ss⁰⁶34.221,'‘33¹2f²'22?⁴23³13’s⁶91¹·2{}f'¹⁸43' ‘¹³’ ³⁴ '⁷²'

· ,-74⁶· 35⁶,474 . 166, 40. 156, 551. 111, 1151111 54, 687

, 11611111 147, 710. 469, 771 659. 148, 755. 165, 169. 1555151 9015 6
6611611451, 751 171, 461. 176, 666. 187, 11544146155. 578, 576..

185816

w

 

