57755755 ..

2702413 5465557558· ···4··.5·7 4747577 - 5457748· 4657857

579, 776 4, 676. 446, 7115735, 173 473, 636 , 71577 78, 733. 73. 4

,7·55 4587155 ⁶¹¹12217· 5775357 587· 5557557· 557588

01777307 Ι705 407· 3005 43307 740· 430 7407 77·

463. 4744, 343. 437, 711577 47,13. 63, 6 ἐ 90, 715757737473117. 7
575· 55. 48·5 ⁴⁶⁶ 5575·5·· 757855.

‚ 71765157 63, 463 33, 373. 4177. 4771574177

33, 443 537, 43. 764, alitibus 566, 644. 3337 alteraque 5664643
313713317347, ⁷²⁵ss ⁸⁷⁴ 7115773367 366, 33 ,s ιῧ1161171166463.678417,3
71157755 8..564734 547747. 7114714, 58. 84, 363 783, 434. 377, 56
,741,347. 5597 76. 773, 47. 448,736 alteriusque 466, 445
13648731, 337. 477, 337. 7155714557 713, 73. 36
1114,44.6,15.435,337 7117517735, 464 7154777454754, 333
· 7116764734. 347734 711655713ι366. 547, 715. 715776777433,4ο3

4 7167775434, 434 4057 758· 4407 94 alternis 534, 792

71165756, 341 222, 29. 7117775745,344 alterno 536 35. 7477
’ 7477568. 734761, 713, 7117775545,544 7151. 348, 7ος. 95:
576. 736, 745. ·737, 564 7111375 28⁶, 341. 63, 646 333736 7. 331,367
736 ,363 554, 314 7151477737,843 ,
7114711737, 736 alloquitur 741, 728. 464, 7161175747, 64 4447
· 7147117373, 3¹² 249. 375, 713 3337 433 7151115657 36, 337.
75777· 7· 48 457 ·7 5747 555
711467 756, 374. 774, 336. 7117711543, 814 715765 51, 783 87, 51
wwmmnmmmw²mm·mmm
636. .844,356 736, 5'72. 7547 467. 733, 71511743, 731. 735
sswwm¹ 2mwmmffl· Μ·Μ·η.ῌ
7154555516 33, 335 473, 346 414,664 71568781 37, 36.1
7154757575 344, 747 3167 33 5556473, 373 38, 663. 563, 71
456, 733 434,434· amus 444, 204 553. 573173. 77
7147444677336464 ,71465177 566 574 734, 08}- 5477 54
Ἥ 1117584181. 828: 1131811311 487 131115 51781 11
78.4,644 534, 737. 761, 11417567745, 741 7737753 767, 53
434. 776, 866. 734, 945. 5513715767 36, 736 334. 367, 4867. 37
5·5 577 555 545755· 877 ····557 555 5·5.57·· 3¹⁶· ¹⁵

7 17377471797179· 4035 7777177770438· 794 . 140· 333· 109· 34

20· ··45·.7·· 455758 ³¹⁶⁶· 5· ²0· 545 ³²· 575 ·5·5 877·····
7114611457ιό6, 743 ο. 33, 7. 47,47. 16, 7155477447. 764. 735
78578 ⁶⁶· 655· 57. 4·4 ·74 ··· 75· ··5.·55. ·5·. 8·7

“577, 784. 776, 578. 773, 738. 174. 761, 563 5755, 71,·575755536 337 -

774. 733, 338. 338, 443. 766. 716, 377. 533, 586. 71567 43, 563. 735

456, 345 767, 335. 757, 636. 737, 757, 661
711466 77, 464.6 333, 434. 286. 2841, 5²5· .·7747 333. 4156573737 767

445. 774 458. 4⁶0 7577 84575. ··8· 55·7 ²¹1¹¹⁶33⁶ 885
71147761 367, 418. 473, 76. 343, 434. 476 541. 7155757 3ο,73 31,4

336 476, 364. 476, 466. 477, ιΙ738.747,773
71747767 776, 3887463, 448. 447, 544.446,743. 715777 36, 474. 731

757 475. 875 ‚²¹³⁶ 7474 88
7117 54, 564. 71, 368. 64, 21uque11, 153· 579, 344 717767· ,473 467,6

708, 473. 753, 475. 576, alatae ‚75 543, 383. 784, alveus ιο, 343. 74·

4·5· ··5. 587 777777· 8·58 557. 5·5 576157· ·45. 75·

·577 ··55 757. 7·4 ·4·. 455. 4ο4 454 478 “ numm, 447

788. 544, 347. 7736, 346. atam 764 57 287,67 nluqnoe. 59, 374. ,73

466, 773. 56, 464 763, 5157717 73,6 36. 533, 563. 734,453

“ 387.7ο4,465. 5717546. 343731 71777713874431

744, 674 735, 858. 785, 71575783, 556 alumno 63 133. 55

· 447. 3663478. 374, 347. 715146, 566, 763, 575. 737, 353, 33. 778145
5557 7·5· 557. 757· 546 ·57. ·5ο. 775· 775778· “ww ·74. ss*

 

