luntx

6164444474,46 119616’444,4.774.747,446 1661 94, 444. 469, 677
limusque 479, 784 1196446446. 446, 466 497, 77944994
6444444 479. 764 liquido 84, 464. 494, 494. 1646964449, 467. 444, 747. .
'freamque 2c, 747 . 796,469.7116,677 ¹ 794766 1
144444 47, 444 lamium 4, 47. 7, 67. 66, 144444, 49. 9, 46. 44, 477. ’
114466, 4.·8. 84, 477. 447, 794 79, 944. 449, 494. n>

777.449,844. 447. 994 11944141..4ςυε746,494 466. 747. 96479747.
1144764 66, 946, 7ο, 747. liquidus ²27» 464 476,794.794

446, 966. 477, 466. ¹73· liquitur 74, 666. 477, 744. 1646 14, 478. 77, 66441,

466· ²¹02 541- 444. 56· ,456 544 44-44. 444· ,44446454

447, 746 1494464 97, 496. 449, 3⁰⁰· 469. 444, 496. 4647.
lingui 66, 946. 449, 469. 499477 448, 484. ²35· 766447

184. ⁶3²· 499, 49. 796, liquem 44, 771. 474, 747. 769466, oc. ⁶2⁴ 4661·

446 464. 664 446. 441 14444444 5. ²⁸
1444964944 496, 994. 449, 114644 74, 998 1646444444 449966477γῦ

876.476,967 1144444469,496 · 466,444.467, 446 ,
hp: 66, 996. 67, 694. lite 68, 774. 794,747 lotum 9, 46. m 476. 461.

94, 94. 89, 766. 449, 6744 litem 4,44.464,74 87. 469, 474. 444, 476.

¹4⁶» 29⁶. 496, 964. . 484, litibus 479, 779 444, 466. 477, 747. 491.

984. 466, 776. 797, 664. litis 764, 648 644. 469, 494. 467,

’ 776, 766. 466, 99. 444, 1144444 74, 649. 474, 949. 497, 444. 444, 664.

949 497, 446. 776, 766. 779, nabi.

1144944444 64, 464. 476, 447. 797 locumque 447, 496. 449474.

1817 ς564 1837666· ²⁵⁶9 6666063 (7 374 67 ⁴²· 72 ⁶3· 6587636· 3⁸8, δι’,

69. 479. 966 8, 96. 48, 494. 46, 776. 16464 44, 479. 44, 499 446.
1644444 445. 445 ⁶¹· 57²· 7²· ⁸⁴²· 41. 541. 444· 446. 444- 446. 444
1447414444, 974. 794, 744 664. 466, 6 4. 494. 779. . 466,494. 446, 976. 441.
linguisque 1944 156. 464, ‚¹7⁸¹ 446. 46617144. 617. 444, 774. 449664

677 1444644964 764, 44 , 496, 768, 667. 6714
linigera 76, 747 684644 77, 676. 446, 476. 644. δ’ alibi.
lino 446, 494 494, 866, 867. 747, 99. locusque 749, 474
linoque 97, 486 744, 764. 744, 799. 747, locuta 94, 478. 7ο, 769. 4444
linquendus 766, 74 448. 777, 747. 767, 4. 4761704105· 1114111·
linquit 72, 645. 44. 464· 466444· 414. 546· 464. 469. 446

779, 776, 3116, 676. 467, 6, 47. 444, 248. 469, 699, laun 866, 76

744 littoream 467, 449 lolium 497, 469
114464 99, 646. 496, 4ο. litorei 469, 447 1667444, 444. 49, 744. 71.

446. 544· 444. 464 1164444454. 464 446· 64. ⁴70 64. 441·
umanum 466,·744 littoris 467, 779.466,746 466, 46. 476, 699. 447,
linum 799, 947 11186446, 747. 64, 977. 746, 467. 64* aiibi.

11444644 444441 444· 445. 444· 444. 645- 14441 ¹09· 444· 416144
64444146· 446. 1444· 446. 444. 446 444. 444· 464. 446. 5²0· 444. 444· 444
‚43¹ , 5114405· 7⁶· 4194440· 79⁰

1496414664 464, 479 449,996.467,744 ,· longaque 467, 77. 7974
119646444494,464 littusque 73, 677. 744, 66. 466

1446664446454 · 446. 949 1464444 446. 441
1194644464,4,9 liventia 474, 749. 474, 479. longe 49, 964. 69, ⁶7¹-
6446444 445. 464 444. 545· 444144 446. 646464. 646
1196414444 494, 474. 446, 11464 467, 449. 494, 496. 16676964 469, 679

1493454ο 474, 844 16303ξὲ549. 47, 946. 97, mm: 564447. 449, 6474
1444164 444445 444. 14. 441. 23⁷· 120· 656 444. 4441441141·

liquidarum 497, 466. 4411, 496. 446, 764. 464, 797. 446, 749. 749477
1196436644 8, 99. 44, 776. 79, :32 7311285’ ²⁹· ²⁹3⁸ 1444341913747.ι 767. 476. 644.
764. 448, 786. 784, 799. locaque 477, 777 464, 796. 449, 766. 361.
¹ 446, 446 locat 749, 476 4 4. 774, 447. 476, 741
14961414 447, 966. 497, 496. locata» 466, 89 nmmum*

469, 444 {omit 6, 96 1116111606. 766 ω

 

