INDEX

0661111111 7, 38 occidue 443, 117 133. 138, 136. u
41441133, ⁶²3 01611110 7, 63 104, 411. 111, 64
1660 710, 114 «1161781438, 411 507· 147, 676 ¹
&mmmss fflffissstss ’ψπΜήῆ
,1411114114 ,ς 0111111361, 336 464 334, 613. 33
06111111 431, 769 6616188661 6 6 3552 413. 369, n
,11111111 117. 71, 70. “ultimum . ²0²· 41 ,11141

no, 633, 122, 473 0111171071, 806 011101401101, 34131
06111101 334, 616. 373, «4116161088, 313 349136 339433

3·3 occuluit 31, 600. 101, 360. 0191410611 64, 638
06181111 114, 73 433, 617 odunt 70, 781. 3383
1373733339, ,39 occuluitque 30, 133 018610 113, 116. 413, !
dnm 773, ²49· 189, 77. 0110016111348, 207 odent21.491

733, 344 occupat 18, 133. 33, 667. 0071301111, 463
0680174131. 347, 181 352721· 44, ¹50· 76, 40· 0664814, 446
1111111111, 1,, 71, 49. 114, 528· 146, ouo 46,418-176,17
0641111178, 31. 111, 490. 5669136716· 8561638· 067046143961

133, 77. 131410. 1.·7, 167, 147· ²¹²2635· ³³0· ο4481106, 114

422 528· 14, 1³⁵· 35²· 34³· ,1171111133
fflfflmmfflqm4mwwmmwmwmmm

,11 737. 443,166 616. 1331111,
0311116140134,370 0011711374,171 31611 ·
1111111111, 117 occurrensque 147, 1⁶4 0410 1309115611
ο648419111ἷ1111,364.100, 311. “tumme ¹0 ⁰d¹⁸¹¹¹¹ 65, ²59· Ι441

144, 616. 149, 763. 341, occurruntuoy, 476 144, 143. 177, ¹57·

,1 0101171411,136.438,313 344. 333, 736403
ώωωμμᾞφ7ὼωψώ ψψῑ

4ω,934, 0011110176, 433. 437, 11, 0611110300 133, 139
ο6111711168,713.·117, 346. 30 ²74 450, 316

7,,3, ²¹9· 476, 3 3ο Oceanum 400, 331 0601111467, 734
067771337330, ⁵⁶2 06188881311159, 510 06011180 113, 250
06110171 411, 373 Oceanus 173, 438 06010 13·, 136. 413167,
,4131774333 4² 01311117, 301. 18, 341. 38, 06011163, 616
1117117433, 00 616. 117, 781 0170116111 133, 733
obtusum 13, 470 0076116141. 348116 0611111111 111, 109
,1111131717 0811088317 . 0479111187
06111701336,46,· 061016137150· 7971758 06Γ766*’8791 496 l
umme1 wMMwQffiflusu
061011111100, 676 . 683. 131, 184. 313, 4⁶7· 0114111141,11, ,
obvertit 313, 473. 367, 343, 131. 431, 734 016.1601131,176 “

⁶⁰' ’“ 6666411131 Quum&

· , · 1 w· 1 ³

obvia³302, 49² 418, 4¹9· 31. 41,4
4671 73⁰· 4631764 ²84- 66, 746· 97, 377. 96, Oechalidum 167, 131

obviaque 28, 52 59. 101, 710. 108113. 01011336, 430
obvius 41, 73. 193, 111. 13 , 71. 31. 134, 303. Oeclides ²3⁴· 317

316138 117, 776. 133, 336139, 01101131, 173
obumbrat 336, 843. 434, 46614215734691390 0111001131, 181

73,- 272. 475· 14131. 366, 01111411 137, 414
obuncis 180, 316 70· 385· 5⁶²· 416, 417· Oenopiam 107, 4741476
obusti 131, 199 431, 64 Oenopiis 108, 49)
,1111116111 413, 181 oculisque 83, 143. 183, 611 01111,- 164, 141
Ι«11161147, 130. 118, 616. «1140011034,686.143,133. 011011160163161116

,3,, 444 111, 384 offensa ¹5²· 434, 1411
1,,11,1111,.10170,47 “³¹⁰⁵ 26, 414· 3²2 ⁶29· 191111. 4ος, 4.·-6
011161111ιὸ1, 10. 430, 741. 33, 714. 43, 33. 47, 188. 41

333, 505 57,438· 38, 301. 63, 770. 0611161301116,730
(41177773, 740. 170, 144. 71, 803. 31, 44:⁴- 110, offcmfimque 33, 919

111, 7113. 106, 440. 183, 143. uu, 137. 168, 167. 0110111431. 303

7,, 314, 616. 331, 684 183, 006. 191,,·1. 194, 0810637343, Α

P

 

