YINDEX

777. 474 447. 474· 467. 1411147444· 777, 447 14144476. 714 · 1
74¹ 17787977 118. 777 ,lauis 776, 474 477, 767 ,
87777776 777, 77 lucu 93, 476. 767, 777. 779, 177116777747, 769
hurum 787, 767. 479, 777 “ 1777767747, 67
532 1777977 96, 747 1777777777, 477
laecum& 228 lacubus 777, 778 1766777777, 444
1777717777, 746 17777797, 477. 774, 747 leto 764, 747
,87777177 776, 78· lucumque 777, 777 lutor 455, 451
mune 84, 777 17777717777477 767 latos 774, ²52· 47ο,779 7
1771717465, 777 177777 774, 77 5 ' 1777777460» 57². bie: 3
..7777 77,· 219 lacu 149, 3⁸5· ¹50· 447· 14444 77. 774- 64. 474 747
laconiae 84, 777 779, 674. 777, 777. ¹⁷5 98, 776 ¹
1771777777611777, 796.·777, 774, 774. 777, 777. 767, lausque 797, 99
47 474· 447. 774· 444. 744· hev· 777714. 14⁸. ςςι
&humanu 417747· 477777 num 778777 ,-
787, 766. 779, 470. 768, latusque 195, 797. 779, 777. lev· 777, 357· 777, 87
748 487. 784· 777. 414 4577474 744, 477· 3¹7» 777. 771 ·

777747 huone„ 21⁶ 34⁷·4072 777
,Ιιὼγαηυε 6ς, 676. 87, 87877717 74, 777 lamam, 33⁶

·» 202„ 96, 777. 777, 767. 1777477477, 787 levique 77, 777. 4ο, 77
. 2⁶7, 77878777 17717778, 747 = 129, ⁶55· 208, 497 477,
1777977777777, 777 - 17177777, 74¹ · 744
{azynum 777, 868. 335, laum 77, 787. 79, 778. 1177447, 767

874 404, 4⁰ · · ' '¹²'51402 ¹²3
mymnte 97, 467 ledi 77, 778. 747, 777 levia 777, 777
humentem, 476 17617777, 797 · bubus 747, 767

’ hermantia 769, 777. 8866117608-2977335 1211018957 7⁹²

, beremae 767, 777 , ludunt 776, 677 17717774, 479
1777777777777777, 697. 778, [7677977767. ⁶²5 levo 779, 776. 774, 777·
· 7777777411 147744 764. 774 774447
1777777777, 747. 7ο, 796. Lunaque 766, 48 uerum 68, 779, 747. 777, 7
, 97479. 777, 676. 777, 8767677 768, 774 -. 774 766, 798

777. 777, 777. 777 777. 8771797777, 776 1717777777, 7ς9

776, 797. 779, 477. 195, 871797 87, 777 ’1776787776 797

76977946). 747, 747. kmi 777, 777. 777, 777. 1777177767477, 787

neubi. ¹ 477, 787 lambentem 77, 77
munusque 778, 477. ,787, laesaque 78, 88. 477, 784 17777677 77, 646

478. 78 7, 779 laesusque 77, 478 1777777777δί17 777, 767
1797777747, 797 17177 79, 777 Lami 477, 777
877777777777, 677 1771777779, 976 17771777747,777. 767, 776.
17777717 7ο, 777. 77, 779. 1771177477. 774, 8. 274» 776, 774. 777, 488

97, 477. 777, 747. 776, 774 177777777791477

787. 779, 497. 787, 777, 17767 77, 477. 777, 797 1777797717 77, 747

777. 787, 677, 678. 797, laesu 746, 777 lana 107, 74, 797, 849

97774694, neubi. 1.777177777717477,·7.77. 477, lanz· 767, 77
munusque 774, 767. 799, 777 lanaeque 779, 747 7

479. 777, 779 777, 478. 1776777776, 776 1777777777,477. 767,7, ’
. 776, 444 ursosque 797, 867 · lum 7677 9. 706, 74, 4417
1777777417 43¹·- 746 17777 79, 767. 117, 797. 777, 778
8777777767 784, 6 479· 476, 777. 787, 777. 17774777, 77· 777, 777
[eduum 774, 747 787, 784 ' languere 777, 87
8117717774 7770, 777 ·· 17777477 478, 688 languescuntque 747, 777
iunio: 797, 796. 477, 774 17776477 778, 67 1777776775, 776
uzu-a 77, 769 17776117 764, 777 languet 777, 747
1761777444, 777 1776777779, 744 17777777 787, 766. 7777
7617777785, 547 1777717 794. 747 677. 777, 648
&aunum-203, 777 1777777777, 477 17717677 777, 558

⁴ ,1718777176 ,674 *- 17777777, 44 lunuuda121‚4‹7
1781777 768, 778 444, 79 1771779777 · 17771777 57, ”dannan u

 

