⁴ 0

606666606688 ’

,46ς ..6666699989 999, 979 8696 609, 664669 988 ,
,660 796, 869 rubentem 669, 489 388» 591 594, 786

990, 687 γ66666666 99 6979 , rupes 84 996. 698, 689

096699. 2355, 63639 66896996 666, 999. ἱ6896671889ιὲ6 Ι409, 860. 460,

87, 660 · θ rubeum 676 966 86968966 896 799

u 65 669 rubescere 44 6,8,6ί98 ,606 669688 8696 96

9,9 478. 987, 608. rubescunt 986, 96 rupit 99, 667. 884, 455.

.... 666868 , . 766 '2⁶⁶ 32} 6·

y rubigine 70, 776 690, 550, 989. 254, 996. 986,

4439378849809 6668672864, 668. 686, 46 6696ιὸ890, 406. 996, 969.

ww& ώωμωΉωῶ ww

mmm w mmm

454, 837 rubore 26 484. 57, 450 nuptu 558 511

966 979, 896 66606 em 96 469. 99, 489. ruptusque 906 490 ¹

6784, 608 455, 466. 909, 994 rura 99 676. 79, 4. 849,

ww& ,584 -68660

64366, 625 86666666669839, 89 790. 978, 767 ⁷ ³9⁹

>5455 845 rude 680 789 ’8666θῆ 688

4460,561 rudem 866 89. 896, 667 ruricoiae 876, 998. 985,

7902779. 89, 877 667666667697614674, 499 . 6665661966 448, ’664

7, 696 66 888 699, 646 ruricolasque 155, 479

664 6184, 669. 997, 6666668966 99 406 66 69609667 770

969, 97. 994, 460. 666664, 7. 8, 87. 69, 489. ruris 15, 998. 90, 66. 466,

446, 696 6663668 58, ⁶32⁶³752290 Ι 6668666966 996, 49.444,

655 . ruenti255, 545 690

.65‚ 708 86966 846, 666 998, 998 rurus 88 997. 90, 5 d M

49, 669 . 6690449999 486. 606, 689.

94, 460 8896 86, 97 plur.

5, 760 rugosus 646 674 · rursusque 860, 660. 669, 47

66 fflfflffimrzwfflww⁶

83 53⁶· 698, 7.06 8686966 940 4987 668746 964. 496, 697

679. 669, 97 696, 6866696494,964 476 866 rust 869 69, 696 797, 989

696, 978. 909, 769. ruit 808, 715. ·“669, 98. 674, 948 466, 5'22 ·
79.ς,798 469, 689. 889, 586. 907, 475. 6688 ree 66 699

ψ-6ω8 επωψψπωωψψψ
μωιωω wm4⁶7 696ΜΜ6Γ6Μ
618 750 · ¹5² 440 17,715
699. 458, 524 ruitque545, 14 - 66681649, 669

4, 948 ’668859 976 4686 rutilos 54, 89. 967, 496
608 44, 699 turturum 696 460 6608606678, ,89

670, 969 rumor 85, 999. 667, 697. Rutuli422‚ 52

Μή wm⁶1 -xummffi

2, 74. 265, 668 rumoribus555, 667 8686166464, 567

51, 696 rumorum 342 55 ruunt 18 8.485 46, 867 47,

669, 687 . rumpere 3492 ²49· 47⁰2 ²⁰4· 83, ι09· 958 ⁵²9·
8 Ῑ50 , 700 5578494

99, 9ι6 rumpit 64, 608. .609, 694. ·

ι, 666 859, 639. 678, 998. 496, ” S

t543, 7¹ 405

9966 979, 994 6666696966 66 989 8686869494, ,899 ·
6996, 989 rumpo 896 809 5866694964 .
mm mwuffl ΜὛΜΠ

 

