ἱ

554-5555 .'

45545456 564544· 555· 555 55664555. ¹³⁸
5555555445, 555 pathmum, 856 56455555 456, 486
,min 559, 545. 565, 55555565 85, 565 5555565 95, 456. 555, 555.

545· 555. 555 5655565455. 555 564. 556· 465. 544
punitum, 554 5455565 546565· 56655 pentus 55. 455
9446555455586455446 petendum 559, 558 5456 558, 645. 559, 845.
‚mmmmm- 555. 444· ,aem 56. 555· 556. 555· 554. 92· 565· 5· 565·
58658· .· 6· 5. 58688·ἒὲ8“3“’”“’ 568.ἒί“’.“ἷέ· ³ ’'⁴“

5 · 5 5

494 - petentem 584, 646. 554, Ρεπε5555555, 555
56556455855455, 566 555. 569,554. 455, 585 hminum, 555
Ι partulit 585, 586. 558, 558. 56555555 55, 458. 544, 658. petunt 45, 566. ςο, 565

984458 458655 ’ 55. 844. 559, 455. 594,
pertenent 569, 558 5555555 88, 546 , 566. 555, 455. 955, 55.
perveni 99, 655 ¹ 56455656,55. 555, 58. 565, 588, ⁶38. 595, 556. 459,
5655565555 95, 465. 568, 86 655. “589, 658. 456, 558 445. 454, 555. 455, 586
permiste 598, 585 peterem 556, 695 446, 545. 465, 656
»evenit 65. 565· 544. 556· vm 565. 656· 558. 546 55555555 565. 55

554, 699. 555, 556. 555, 655. Peucetiosque 455, 555
8. 555, 585. 598, 885 peteretis 564, 585 1865556555 595, 559

pervenit 85, 556. 568, 95. peteretur 458, 664 Phadimua 555, 559
210, 552· 556. 555· 554. vetet 556. 455 865955655555. 455
85· 555· ⁶52· 565· 555· peu 555. 545· 566. 564 86555655 56. 555. 555· 55.
5555505 · 56656 568555 55546. 54 45. 5445.
peremunt 6, 45. 556, 554 petiae 55, 458. 585, 555. 99,555. 46, 559. 48, 555.
pervia 55. 565· 545. 554 554. 454· 565. 656· 555. 55555. 555· 54. 565
554. sot-23⁶» 555· 555. 555 8646656555. 546
59.555,485.<456, 565. 5555 5575656.555,549 8546556665 55, 565. 54, 5
448, 505 5555585 186. 700 381
pmidit416, 555 5568564565. 556, 55. 555, 815ιέ565565 55, 546
9555555598. 569 555. 555, 655. 585,444. ΡΙ55554664554, 645
5665546554. 545 455566 5655555· 54. 445· 55. 466
pervius 559, 654 petiitque 59, 558 558, 656
56558, 555. 55, 649. 556, petis 45, 54. 45, 95. 95, 56556555 59, 559. ¹7¹· ¹
59²· 555. ³09· 245, 665· 455· 555. 4655 555. 554. 5555465· 654 5
55644 55455 555· ²0⁸2 464 554. 4· phanum 56. 459. 454 1

4

. 95555944 ¹77 555, 55. 555, 585· 568. 5495 879“

· 5545595455, 596 555. 465, 568. 455, 595, ‚pharumque 85, 566. 585,
, 9664655599, 455 695. 465, 655 sufflo, 686
55646554 556, 584 95556855 556, 56. 465, 655 5655565955 558, 555
5665656955555,496 · 55556546, 55 5655664556, 566,561.555,
pumero 55, 459 peut 59, 556. 58, 554. 55, ²2· 555, 558 5
5565545655. 54 ,656 55· ³0⁶· 56. 455· 5655555665. ¹5²
55655 556, 555. 555, 569. 68, 556. 69, 56595, 456. {mmmmm 5¹3 ι
565, 566 99, 649. 558, 659· 558, 85565966 585, 555
petam 545, 559. 554, 555 . 545, 585. 544, 554 fluxosque 448, 287
56654555 465, 645 {9' 51865. rhama 455, 823
5655555ὁὲ 55 ⁶ ⁶ pagg 5556586. 589, 665 mulsam& 598 1
. mro: };03.o¹{⁴‹>,⁹⁹4⁷4⁶. 72, ξῖἓῑιὲιιξῗιιὲςιη Ρ5526549ἷ 3496

845. 585, 545. 454, 856. petite 568, 565 Phegeius 556, 455

455. 55· 465· 648 witi 555. 55· 464. 666 Ρ6555555455· 555
5555555. 554. 55 5454444

8

5556565455, 555 56656555, 548 · 555555555665755, 555
5566664555. 556,ἐ9 ¹petito· 65, 655. 598, 566. Philemon 545, 655. 5465
5555655 555, 566. 55 , 595. 55555 685. 545, 566, mm

 

