INpssx

1111111111 109, 116. 118, 37, 875. 409, 164. 410, 1111501145, 658 ·
180. 511,15. 400, 555 1 0 1111111118, 641
1110611184, 646 vestram 156, 557. 589, 1111611]166.11,416. 14,
1110111111. 15, 115. 15616. 656 445. 106, 456. 547181
ΜΨ wmmffl½ffl·Qmffim
1111111111. 141,177. 155, 200, 510. 108, 508. 196, 1110611180, 511
516.114,69.66’01161’. 501. 441,118. 457, 497 1111180514, 560
numquam, 119 vestri 115, 115, 185, 57. 1110801148, 741 ,
veruntamen 171, 464 509, 714 515, 590 111111517, 455
11111 86, 184 116, 747. vestri· 17, 180. 101, 555. 1177, 70. 180, 515. 186,
..1”’ ’.1 22⁵: ⁴³ 18131111 ²⁶⁵· ³⁷⁷’ ῗζῗ ⁷⁰¹²· ³²¹’ ²⁷² ²⁴³
1 · 1
11111 4441, 159. 456, 467 11610164, 146. 167, 516. 11141,65,67. 44,119. 881
vescitur 184, 651 169, 590. 546, 169. 578, 117,155. 91, 449. 111,
&mm wo 4wwmfflm
1160111448, 504 11110199, 656. 141, 179. 158,615. 174, 555114,
”ww &mmmm4mssmmw

' &ww 11 mmmmm

81111467, 751 vestrum 84, 510. 576, 776
· 8181901474, 864 514 111140, 55. 59, 511· &a
Vesta 469, 778 vestrumque 147, 555. 161, 549. 68, 747. 76, 18. 144,
1161 40,·15. 81, 185. 117, 187 158. 175, 511. 150, 754.
’557, 114, 546. 158, 68. 1111111174, 548 118515. 451748
175199. 11ο,855. 191, vetantes 174, 548 1119111111, 469 x .
176. 500, 451 vetare 107, 61 1111141, 79. 45, 158. 151,
vestem 5, 411. 61, 581. 1111116,151. 16,489. 197, 415. 119, 108. 501, 514.
9mwwwm3mmn ³wwmmm
598. 154, 518. 155, 51. 1111111911 199, 186. 100, 791. 580, 418
160, 155, 166. 177, 655. 555. 411, 495 1111111117, 161
505, 556. 557, 716 1111111105, 591. 107, 475. 1111 71, 818. 75, 11. 154,
1161115156. 11, 581. 18, 170, 410. 501, 499. 418, 780. 168, 159. 117, 167.
1118116ω·1111ψψμ61,ω1611μ

165, 59. 167, 151. 176, 454, 414 1111911147, 106

405. 1 1, 568. 181, 581. 1111111101, 555. 108, 497. 11110116, 495
195, 181. 165, 108. 551, 167, 514. 18518. 504, 1161161111 18, 518
575. 556, 681. 544104 555. 416144. 457,11 1161111176, 54
1111161111, 372. 96, 156. veterum 508, 694. 580, 400. 1161111111 155, 541. 545,
158,601.168,166. 171, 470, 781- 79 ,
188. 158, 448. 145, 657. veterumque 586, 570 · 1161111156, 574
mfflwmwwwwwm³ flwwffiffl
411. 555, 654 1111111176, 576 vicem 108, 71. 111, 118.
116151191177, 51 1111111500, 455 184, 651· 156, 56. 174,
1111151115, 157. 11, ’571 vetito 46, 171. 197, 555. 514. 555581
18, 551, 556. 40,11. 44, 508, 695 1111111101, 575. 551,514
155. 51, 518. 75,17. 9ο, 1111101011441, 158 11111 106, 40 111, 191-
571.108,105. 117 545. 1111111159,114 159, 474. 546, 161111
595, 515. 155, 476. 67 1115131411 145, 175. 517, νὶε5657546,4158.455,419
· 1
vestis 57, 461. 119, 595. vetitus 273, 501 1111611556,9511
145, 659. 571164 1110165, 657 vicimus 117, 556. 180, 515
1161154, 576 1111611 107, 61. 146, 688 500, 445. 545, 110 ¹
11611 51, 196. 88, 510. vetuit 63, 651 vicina 50, 575. 1,,,771
100, 654. 169, 188. 170, vetus 15, 417, 67, 707. 151,849. 415, 599451.
1οΑ6. 147, 691, 707 76,18. 164, 69. 175, 516. 748
11611109, 516 198,179.147,659. 518, 1111111911 59, 515. 4171
ώψψῆωψιώωωψφ m
· 444. 567, 89. 575178. 447,165 · 1111110191

via-'1 ¹

 

