> 1001111101υο

m· 769, ⁸⁸9· 339, 784 0188094, 491 . moderator 113. ²45· ⁸¹00
υ681111111314, 339 1011609110 64, 634 961. 191, 896
ω’[118146, 671 1111101131, 718 modernus 113, 134
miserere 91, 134. 114, 934 1111611091,413 0081011196. 795

179, 960183, 779. 316, 0111111199, 130 moderetur 178, 691

333. 397, 899. 403, 11. 0161690173,830 - modestos 130, 681

419, 691 mite 916, 134 0001019111 469, 699·
09601111 139, 468. 143, mitem 73, 860 1110811097,9119 144611-
· ⁶00 . mites 180, 909 mod1s13,181. 197, 996

1111611196, 991, 110, 199. mitescere 419, 697. 440, 00111114.. 8, 87. 18,19

119611. 168. 4 110. .⁷.⁸ 111311. 116. 11. 4118

*3⁶ 1111111 91, 188. 199, 696. 166141111117611.
18600110, 971168, 371. Ι441481 , modo Jubst. 10, 360. 34

461. 631 mnibus 419, 690 618. 77, 63. &affl

3111110 93, 479. 411, 113 011401 11, 403. 96, 439 0080611418, 418 · Ι
4161011191. 611 01111198, 1,·7. 131, 161. modulatur 317, 194. 419

miseros 110, 991 · 143, 998. 170, 411. 904, 341

miserrima 71, 807. 110, 310 modum 114, 198. 149, 744

191.116,983.119,137. mitisque 106, 31. 449, 4371491

160, 796, 318,499. 939, ι110 nouumque 98, 618. 177,

697 “ 0111160111, 380. 70816 630. 334636
41110017, 908. 31, 691. Ι194, 497. 166118 modus 169, Ι101 161, 171

11. 101. 110811- 3753 1111661111414. 5⁸7 1167111 ,

230· 4111111 01111111 497, 499 1110101901 311, 14

0116 70, ’170 01118 417, 694 01001199,401.79,19,77,

1166 11 91. 611. 1141141 1111111111. 161 61. 11. 441. 16. 550.-

mifisti, 796, 374 011110111368, 111 191, 408. 169, 179. 370,

»161 91, 311. 76, 38. 77, 11131111 319, 387. 373, 987 116.186,710.101,366.

60. 199, 649. 160, 660. 1111111 98614 178, 441 106, 4431111, 618. Β
ι84,699.191,181.334, 0111111111133, 347 141619011ρί11. .
314137,411. 144619. 0111111136,11. 141,183. 0111116111 47, 114 117, 608,
111. 57¹· 101. 111. ,U 114. 40· 166. 114 111. 111641. 141. 113110,
11.-41. ,181 111. 141 111. 111. 116. 1116101

„iffa 11. 411 141. 616. 11111 111. 441 1111116. 111. 207· 114.

111. 111. 111. 141. 116. 1111111111. 11 161. 446111· 460116

477.494,816.441,109 0111111 94, 366. 114, 930, meren· 191, 416. 418,
0161118411 . 111111. 161. 111. 114. 411 ’
11161 11. 116. 14118116. 530· 111. 111141. 111. 1111111161. 444

6091463, 644 Ι398, 883 mertun 33, 664. 314, 81

41161 397, 906 1011111111 380, 419 00111140, 919

11166111 111. 414 1111611. 116 1111611.6.161-111.111.
· 1111661. 111· 11. 114 111. 1111111111. 111. 116. 111. 166111 ,

,11111114110411 1111 1116131644

01180199, 396. 198, 118 0111100111, 399 463, 643 1110111901 196, 964

:Num 140, 431. 391, 938. 0011111119οε 397, 499 0061111177, 634

989, 967 Μ1111110111611 149. 168 0111664 113, 304. 138, 447
41011117, 779. 199, 19. Μ11000181114,, 180 0111114111 84, 139

311, 10. 411, 139 moderabat 999, 913 0116111007, 198
01161118, 373. 113, 904 00011101141,48 01081190, 396 337, 734

146, 674. 174, 910. 391, 0061110111 99, 644 “ 0011111 311, 171. 411, 470

318 4 0061110101 41, 67. 378, 1101111077, 99
nisti 6, 91. 191, 494 411, 361. 467,,116 mole 11,·196. 17, 179. 35

416419,ωο 0011100118, 89 11. 998, 913. 399, 4²5
01111911 181. 616. 311. 1111011111 110. 113 41414114611161

94 1,, 0061111196, 431 molem 367, 79
3011111196,999. 999949 ’0001111101 378, 396, 446, 001114, 7. 16,138. 139,
mistaque 99, 919. 411, 6161 Ι 35⁷· 655149· 1610187·

³55 1116111161 11.-111. 711 111. 411. 141. 111. 111-
· 1111111417, 169 memo 4111 111 811 .

noli

'-

 

