VOCABULORUM.

177 94, 444. 96, 544. Pergam· 555, 445. 769, permanerem, 595

7. ⁶9³· 739. 499· 917. 999· 779. 769· 777. 479· 7999999966. 777

9 , 7767 779 971. 749· 779. 7999167796· ²²¹

re 456, 477. 677. 774. 765, 597. 764, 599.. perro& 796, 966

7979, 977 499, 467. 455, 449 7777919976, 759

77977799 6777777749, 766 7779777797414 ’·
97997, 55 7776977977 74, 997. 766,794. perustum, 693

t 769, 76. 99, 465, 97, 677 ‘ perosuu 54, 579. 996, 767.
77667477 utrium? ...7, ...673763ξὲ ⁵³²

17 79, 659. 67, 697. 97717Ιί7977, 969 perpeffi189,5 ‚

4, 699. 767, 676. 499, periclo 795, 545. 577, 947 perpetiar 99, 699, 4ιο,466
9. 777. 745 7979199 977. 977 7979999479. 479

rim 154, 495. 969, Periclymeni 359, 556 ’9777777776 96, 466

5Α ¹ 97777917 9ο, 757. 67, 565. perpetuique 766, 9.

rim 97. 777· 777. 109‚130-134‚7876.192.perpetuarum& .
7 97· 797. 779 776. ¹⁶¹· 7979996969· 971. 799
799797 76. 74 714. 96949· 797. uu 779. metuique 911. 97

⁶„ ,47797779 · 797999· 79, ⁵⁶⁵· ²u0›
77777 775, 56 periere 209, 599 946

:uio 967, 769 977717 496, 676 9997777977 759, 797

riuosque 957, 656 erimar 996, 799, 77777777794777 977, 475

77777797 6, 94 . 6777797179947, 599 perquirere 75, 5

ri 799, 779. 957, 74. 7979997777, 47 Perrhebuur 746, 777. 547,
9, 796. 777, 959 1177777177 994, 499 777

ipram 764, 597 Periphanta 355, 449 perrupit 757, 579

79777 796, 697 perire 75, 949. 57, 767. 996, Persea 777, 677. 776, 7ο,
79777777 76, 97 797 , 2

777996, 777. 467, 565. 9777677975, 765 17767749, 997

7,677 ’ perit 77, 977. 99, 449. 446, Persei· 749, 776

779475, 675 954 · Perseidus191‚74

999, 6 55. 776, 799 97777777 776, 99. 579, 766 Persephone 799, 779

997 797, 497. 774, perituraque 67, 999 Ρ77179179979757, 479

7. ..7 ,7. ..7 777ῖῖ3666· ³⁸⁷’ ⁶¹⁹ ⁹“{2⁴0”⁸'59¹0¹⁰' ¹⁵¹· ¹²⁵'⁵⁵¹·
7 · 9 r 7

4. 746, 209 periturum 398, 667 persequerer 741, 574

7779476657 9777776777 579, 96. 576, persequitur 976, 576. 945,

ato ‚ , 7 .

77 4773 974. 57, 996. 9777677579, 975 ι Prisci ¹³32)ss 747, ιφ.

4, 747 perjurique 67, 795 747, 976 ·

rrum 799, 74. 766, perjuria 579, 996. 496, 97, Perseus 796, 679 779, 677,

> 99 699. 779, 779. 776, 76,

inque 769, 576 perlucenti 776, 777 54. 777, 56. 776, 6ο.

177 477, 677 perlucentibus 779, 477 ’ 147, 767, 775. 147, 171.

³216. 777· 997. 24⁶· perlucida 77. 85⁶. 799. 779971 ·

ς, 567 777 periuraque 7, 69

perspexent 459, 65

767, 794 767, 559· perlucidus 67, 767
· perspice 464, 669

rae3rq‚ 996 ” 9771777776, 579

at 555, 777 9771979767, 777 11116111611439 116· 667 40)

77777, 754 . permaneo 4cS, 749 “- 797, 996 ,

rgrt 7 59, 977 permanet 967, 767. 547, 74 7771716116* 1617 511

777 57, 559. 65, 697. 977797767446, 595 perspicuam, 5οο

7777779 77777 Pisi 71.. “’” ²⁷⁵· ³⁶¹·

7677 7477 7 56. 797, 945 {remitit 7‚45⁵83.'4ro‚ 769 77777176767. 77

7717777 994, 796 permissum» 797 71161190· 616· ¹⁶²² 70¹·

77971, 757 7997797779, 969 776, 766. 767, 59. 796,
“ ⁴⁰²·

9

 

