x 166116161611

1786180177· ’ ⁶7³· muts · 1741711 277‚6¹'7· 776101
1666161195, 961 · 181, 99. 11, 7891116, 1111179, 661. 41, 99. 994
letique 89, 7561 119151, 149, 19 , 976. 76 , 698, 957. 56, 419. 81, 19 ·
. 79 7966 ⁴2 11-

47799.’1ι729,.1ἓ7ἶ ξςΊὴιὲἷ. 16111911 987, 666 811, 71, 19434. 1478 61

196, 999. 946, 516. 186, lentate 9,18. 46, 164 916, 16619111.

99. 191, 198. 915, 974. 798 ν. 1161111166,199 ¹

947, 71. 551, 944. 959, 1611111146, 667. 177, 611 1116111169,111,119 x

578. 956, 469. 758, 995. 1117616, 59. 87, 965. 996, licuit 49, 165168, 179.

1111077, 110110 10811619· ²472 7¹7· 1091710 117,
1606 121, 4⁶2· 1412 771- 190101, 110 · ,1700 111, 711
1681161ζῖ178 1611ΐῖξῖ ,7, 168718748176,
111166117611 11611967, 659 ’ 11916111, 186
16111699, 641 libatos 11, 37¹ 1191111 97, 575
1111111746, 156 libebat 84, 119 1191111915. 167,194, m
1611111469, 11. 459, 547 libens 164, 144. 496, 711 76
1673111186, 697. 449, 711 libentius 96, 986 11786179, 68
levat 56, 418. 196, 986. liberadj. 96, 757. 781, 469 Ligdum 179,

961, 4664 9464 Liber 11911111. Bacchi 95, 516, 1191111916, 694 .
1911191611, 75 518. 99, 696. 165, 17. 1191619,556.116,191.146,
lem 45, 159. 147, 697, 167,115.199,195.161, 771.Ι 188, 765. 196, 968, ’

1111101 ’ 1601711101 1881610 ,1071197 210⁶,
1616116476741 1111171119111169, 989 11566966 19, 454. 419,
levatus 91, 446. 119111. 11161117, 797. 166, 667. 549

111601 , 131161· 139. 768 stem ²⁹1 116· 7111711 ,.
11111188, 998. 119, 416. 1161111181, 551. 717158 199479. 914, 81, 759,

167, 19 5 156, 798 liberiore 4'48, 761 301. 449, 911
Leucada 448, 189 liberioris 6, 41 1196116, 854
‘Leucippusque 199, 966 libertas 175, 558 ligones 917, 76
lm„ 89, 118 libet 277, 630 L=gumm 54, 976
1.,616666116, 168 libidine 181, 561. 196, 154. lilia 117, 955, 156, 991,
11666166969465, 768 · 948111 191, 111. 754, 411 ,
1116616161, 168 libido 178, 458. 111, 481 liliaque 191, 191, 19
Leucotho'e'n 111, 196. 119, 116111118,791.149,757 161 .

116 · 11611114,19. 146, 141 1717111141. 9 91-

Jaeuootbo‘e'que 91, 616. 46, librato 197, 469 · Ι1115661611991, 719
161. 55,414. 78, 87. 195, libratum 51, 911. 191, 116166 167, 117. 965, 599
946. 917,154. 941, 59. Ι178 1116661197, 51
416,197 ⁴ 1111116169, 614 limen 86, 174 111, 456,·

levem 45, 156. 159, 645. 1161111119161 117, 168. 198, 989. 954,-
11,,845. 911,6 · 1161618, 549 181

1111661166, 99 Libycas 117, 617. 465, limenque 197, 198 ,

1116116, 491. 76, 49. 98, 77 11191144,196.166,449.

, 599. 111, 186. 119 417. Libye 49, 197 limina 189, 666. 199498,
196,111.194,956. 141 11691 98, 617. 166, 676 166, 591116949195,
514. 18914. 961, 518. 178,75. 147, 918 199. 961456. 988, 6161 Ι
418, 491. 411, 561. 456, 11661159186. 117, 78. 175, 419, 456. 419, 70²· 496,

716· 111» 106 ‚ 48⁶· 2752 553 , 717-

311 17, 565. 61, 557. 99, 11166966175, 556 11611116 71, 814. 111, 486,
488. 166, 96. 147, 996. licebat 998, 885 197, 49. 114, 668. 169, ’
7161,11. 117, 771. 769, licebit 41, 58.’144, 661. 997. 959, 669. 411,154,

111666, 1,, ,11 1,, ’,16 ᾖξ’ ⁷⁵⁵' ³⁹⁷' ΜΨ 111863’6ῗ9ι,1. 491911, ’
411, 515. 451, 357 1166111197. 919 699118, 787. 119169. -

1111611596, 761 menna 18, 969 · 141, 558. 494, 896. 479,

,1611616 196, 151 licere 175, 557 ¹ 849 ·

1111118519 65, 671, 150, ficeret 47, 51· 'zm 419518188888 71 θῖθῦίζω .

 

