l

10011010101.

Ι
111111116147 1141110111,604 410.115,187.171,196. .
111111411556, 'elz , laqueoque 167, 154. 198, 1781458. 110, 5768168,
1111111111· ¹0⁹· 111 ³⁷⁸ 37⁹· 1911111· 111. 111
180, 551. 484, 554 laqueos 111, 177 · 457. 488
1111111401171, 148 laqueosque 456, 475 ,1.101454, 851. 467, 741’
laniato 585, 495 11151550, 516 1· Lau: 461, 581 .
laniatum 101, 549 lurgis 155. 759 latique 557, 486
laniatur 54, 161 largoque 115, 181 1101111457, 481
1101111111559, 565 ' 1111611160, 541 1118111416, 616 ’
11111111· 108, 104 155, 1111111411101, 685 1111111184,174,494,449
471 11161115, 456 1111111411584, 65,
1111111410,195 1611111595, 791 latice· 117, 555. 145464,
11111117, 60 lascivitque 100, 511 151. 175. 404, 56 ,’

1111111161, 6 11111444, 188 laticesque 98, 604
1111511100,511 lassaque 110, 579 latii· 19, 564, 445, 444,
1111411594, 781 1111111587, 614 417, 991
1114111119, 54ο laisan 278, 648. 598, 901 11611416, 610
iniquosque 176, 595 lassataque 174, 555 ’ Litium 416, 615
lanugine 551, 191. 595, lassatis 18, 508 latinis 54, 566 · “
754 ¹ lassavit 504, 554 1111111416, 611
11011601401558, 757 lasso 307, 665 Latinus 416, ‘u
Laomedonta 518,100 1161161. 577 11110419, 451 q
[1111160111 16596 1111111408, 110 [1110141841 “
lapidem 66, 697. 515, 59 1111111911, 415 1111151507. ,664
livido 2²· ³9³2 111· ¹9⁸2 1111· 118 71318441· 1141111 1114 '
2⁶⁶· 287, 71·4¹9»e0⁹ 138141 monuwa 411114

lepidis 90, 599. 516, 405 lati 17, 168, 454, 815 11111111 119, 405
0411161457, 15 1111711119, 458, 45 latitantem 165, m '

lapidoso 150, 799 111111411514, 556 latitantia 500, 449
1191111101 6, 44 1111411171118. 189, 110 latiis 71, 801. 146, ¹3¹
lapiton 76, 50’ lateantque 108, 88 lato 44, 150. 58, 481. 106,
, 1171011411585, 566 ³ ,1141185105 87.155,541
lapillis 555, 604. 458, 41 11111111 183, 710 , 11104111 148, 557
lapillo 111, 18 latebat 109, 515 1111111141, 541
1191111194160. 458, 55 1111111191, 445 Latoidos 105, 584, ⁸3²·
1191166, 696 75, 851. 119,· 11111111411155, 460 178

660. 148, 755. 511, 10. 1111111150, 595. 119, 407. 11011171, 174

545, 157 116, 601 1110111518, 196
1191111549,150 latebris 14, 116. 11, 588. 1110111168, 164171. 1705·
11711111 558, 550 15, 47 . 509, 710 114 171, 180. 174, 556.
1141111111550, 161 11111115, 618. 559, 775. 518, 655
ι1911111558,556 585, 555 . latone 168, 160. 170,
Lapitheia 554, 417. 418, 11111117, 511 too

670 latentem 60, 545. 568, 1110111169186
lapsu 108, 101. 175, 51. Ι106 1110111154,696. ²3⁶·39'4

157, 401 latentes 154, 515 = Latonigenisque 168, 160
lapsa 111, 495 latentia 175, 571. 555, litos 159, 655. 117, 771.
1141611194, 161 591 111, 187 ·
lapsasque 101, 699 latentis 110, 554 latosque 501, 477

11711158,77.40019ς4 11110459, 546 . latrantes 155, 544
11411454, 411 lutera 550, 519 1111111111111404, 60
11961 117,116. 117, 167 latere 167, ¹43· 107, 471 1111111157, 411
1196111151151. 455, 846 lateri 57, 449. utu, 591. latrare 191, 65. 118, 756
¹ lapsuuaaj. 91, 410. 405, 8. 5114761141415559, 418, 410.

4641 821.447,175 66 11111111 587, 610

1146117167. 158, 95 1161411557, 481 latratibus 58, 491. 84, 151,
1141111199. 417. 450, 755 Ι luterum 151, 716. 555, 570. 141. 795, 80

laqueique 198, 588 “ 467, 740 · 1111111185, 107. 101, 561.

5,,,4141479511151 1111151155. 90, 11111» 380,406 · mmm

 

