vocnnuuonunu Ι

{numere 151, 416. 594, 19911141119555 911611691197, 558
767. 459, 556 1911611194, 169 19111961156. 69. 191, 61.
191115191ῐ119, 157 conchie 151, 7151 595, 156,46.575,175 ,
19919οηὶ1174, 519 792 conrueret 567, 87 .¹ ·

componitur 195, 116 conciderent 156, 77. 195, 191111111911199. 59
compos 115. 55 171 “ concurrit 419, 451
191496111118,194 5 concidere 199, 556. 454, concursibus 186, 695. 517,
1611166116144 411 , , 116111111411111
1119496111111, 857 cornuta 199, 144. 4551911181 571, 175. 447,
conposuit 116, 516 811 171 1 ·
1611911991559, 165 concilium 55, 719. 465, 1911116169, 766
191191916111576, 166 645 1691161991 196, 191. 516, Ι
comprenditur 164, 154 conciliumque 11, 167 46 ·
6915111611 181,,556 6911ῑ99197,551.519,111 munh-rc, 179151, 761. ’
16117ιῶ1 14, 166 conciperet 16, 155 556, 466
conpulit 145, 119 concipias 41, ’77 1911161991144, 694
conamine 196, 599 concipientibus 569, 569 concuteret 69, 755
Ι mnino 77, 69. 155, concipit 11, 166. 17, 171. concutienr41, 59. 51,177
j 166 1111161166- 16111 6111116111111Λ1 ·
9611111111 16ο, 659. 551, 111,594174,519.195, concutio 186, 691. 196,
111, 111. 411.. 111 ²90· 111. 116· 111411· ²0¹ .
11111111111511515, 517 594, 581. 416, 565. 456, concutit 11, 145. 75, 649.
, conano 71, 819. 156, 11. 6..459,148 195151. 559, 519
111111 concinunt 11. 411· 111. “amon 116
conantur 178, 651 198. 146, 681. 456, 556 condus 75, 15
1111111111 ”temnit 1111 texuisti?
166, 554. 14, 61. 517, 145.181,594.194,154. 19161611411,199
’ “ 4161651361 5191334» 1111311116. 6066666166 3⁸⁴³ 5¹4 ,
6111111911 451, 755 699. 515, 554 19161144, 666. 166, 566.
191111911119, 411 concitat 575, 116. 411, 449,68.456,456
'conatibus 115, 149 159 191161111151, 174
conatuque 51, 657 . ’1611111117669194415 condiderat 55, 159. 419,
1991111115, 15. 166,166. conclamat 159, 61. 179, 459 ·
551, 549. 556, 519 117. 198, 5855 6, 75 1991111155717. 151, 515.
. 1911111115,554.19, 117. concolor 176, 496. 599, 1511551519, 155. 551,
1111169 =· 1111191» 111· 1191114119111·
concavaque 166, 59 191191611117, 516 4891 67
1911111147,195 concorden 95, 475. 147, 169611157,419. 565, 561

«mim 111. 161 116 condit· 11. 111· 111 441·
concede 145, 111 , concordi 4, 15. 169, 664 445119

191εωί111554, 594 comnena 151, 595. 597, conditaque 146, 665
6911116119 156, 595 ’ 675. 415169 conditione 594, 569
conceditur 197, 544 eoncorditcrzrn, 757 1916191115, 566 i
16119111511,11 · concrei'ccrn 166, 675. Ι165, 19991111444,195
,conceperat 117, 611. 161, 116 ι1911111176, 51. 561, 511

554 9911111161 194, 416 Ι nonunt 116, 575
concepit 20, 557. 64, 646. 19911111 114, 557 191611111451, 775

116. 111· 111111 mireum 111. 111 1116611611 11
concepta 85, 114. 197, 1911111911559,179 1111611515. 667

511 · 1911119565, 491 1916111567, 96
concentuque 591, 479 concretum 555, 456 1916111114,- 696
conceptu 169, 17 concrevit 544, 20² confertque 84, 156
1911171111 591, 595 concubitu 197, 555 1996111564, 6
9116161171, 455 concubituros 165, 567 confessa 195, 171
9691161167, 719 concubitui 111, 117. 161, 161696191511,164
concinnenti 141· 111. 111 161. 411· 111616111161. 11
- concii: 141, 565, 447, 596, 689 99961611911145, 115

161 ·’ mummii& 1116611111169166

 

