VOCABULORUM.'

141,948.169,781.311,1161111411,119 · 309, 116. 339, 781. 343,“
307. 318, 461. 389, 996 1110111184, 648 8·0.386. 998 408,119,
11006911399, 808 · 0011141197, 181· 116. 441, 193
1101111191, 810. 307,661 marituma, 606 1101116911. 111, 604. 193,
1 1101111189, 31 1161111111109, 944 · 133. 198, 38. 301, 481
11011101 369,119. 407, moror 193 8·9 384, 917, 1101111113 903. 301, 846
106 931. 400, 938 morus 108 90

mmmw‘ Mwumm·3uww3&mmm
mwwmmm w 166οω101

414311 · Morpheus 339 671 936. 141, 186. 194, 498.
,11011111 113, 230 337,11101193,471.111603.139 198. 6111183, 611. 199,

7111391311483,48·,161781.198,377,119.119,716.·0“’111161’.
1111161109, 937. 110, 969. 37 . 304, 572. 336, 699. 11011111491. 177, 640
, 11’,1 601 ’ 391, 319.399,996.381,1110.31911 78, 101.198,99
1101611377, 311 · 464. 437,19 11011711119101

1110160109, 994. 193, 876 4110111 1,441 114 mutatque 339 674
morboque 366 91 ’1110166111 18, 938. 389, 11106073 600. 336, 679

mmmm . m ΜΜΜ6ΜοΜ

11101136, 749. 933 349. 67, 1101617748109 113193, 398, 911 1

711. 113, 918. 131, 711. 877.169,·384319,373.1110111 49,198. 6ο, 947.
1 28:5555155555. ...88 535 ,1. ..1, ,,. 5⁷ ‘⁷5⁵⁹’ :2:32 8ῗέ ’,8ξῖ
10. ¹1 1111 ,111 8 6616601111 16 10161101116101. .
1461. ’· 1101111113,188 17,160. 520
'mmnm vmwmwssmmmmmw
1110111109, 910. 410, 473 98610.1114940109,0010139707113309
1100111160, 147 ’, 919 18918. 3,34,60 11011169, 793. 91, 461.
1110111313 699. 119, 717. 419, 603. 434, 814441 10¹, 7¹1· 1681 148. 110,
amfflmmmm m = wwmw·nmn·
· 834 · moralem 61, 979 318, 144, 606. 190, 780. 300,

60680 111. 166· 614. ²0³ 41616411141611111
701 · mortales 8, 96161, 31. 443179

1101164691.171,811. 137, 163η68. 43979 motum 187, 711. 130,
43. 110, 867. 166, 303. mortali 198, 176. 144, 616. 711
189, 131. 199 418. 441, 199, 16. 469, 760 motuque 18, 184
Ι111 mortain 64, 643 78, 109. 1110111116, 99 71, 817 370,
0161161111 771, 191. 110, 111, 101.179,471.1913 16 5
’689 87. 103, 391. 366, 70. moturaque 166 303, ,
1101161160 738, 84, 349, 400, 990. 430, 719 0101111118,387.198,619
, 118 1101116611190, 990 171164170,4.13 318,
111611611161111309 716 mortalis 19113. 41, 96191
wmfflmwm ww·wmmmfflww
199, 131 910 11011190, 149. 40311
11011111109,110.138,711101111911433,661.93,1116111111 101, 710. 174,
140,117.146,193. 171, 471.110,149.191114, 398 .
171 181, 960. 149, 773. 949. 111, 609. 139, 483. moveat 194, 916. 311,
‚fflwwmmffl2mmmfflm28
, ’490 . ⁴ 781. 367, 74. 384, 911 mo 16111319, 379

,110161691197990 399, 410, 187. 441, 119 446, move 1118 931 ·
418 1 '²8⁶- 4⁶¹» ⁶02 · ,1101161111189119

moriente 170, 228 1110111111 496, 470 110 vehere 117, 798
1161131110189131 11011111910411,119 movebo 181, 947

morientes 399, 413 1101111331, 938 1101111194, 916

morientia 169, 391 most] 340136, 19111011118911168167 ·’
morientibus 139, 117 419, Poo movent 163, 60169, 404.
‘morientis 309, 71 11101111 64, 693. 77, 98. 381, 470

morientum 138, 8 138, 73. 141, 191. 181, moventem 141, 197186,
11013171 140, 903 994.110.860.139,493. 40. 313, 40. 391, 310.
106οο04411 111 > 1161166111661608101111,Μ-ῐ

 

