0000000000ιο

8060000 330, 575 60660000 09, 560. 77, 68. filis 064, 68. 080, 577.
mmmm mmfflmwm wm2 “

festis 79, ιιι. 095, 077 585 ⁶¹¹⁰* ¹¹³ ¹48· ²5· 4⁶3· ³7⁰· ’, ,

¹festisque 95, 508. 430, 774 60660000 005, 080. 075, 055. 388, 647

060 045, 657 568 . 610007, 073

festum 104, 4. 008, 390. fido 9ο, 379 61000006, 36

606360504οἳ89, 003· ν ῆάἓῗῖ 233⁵ 322, 66887 322, 6688040539, 56167

9390380750 9 309. 8090, 309. 000, 09. angunt 45, 059 ‘8

fiat31a3⁰2f735z 080, 759. 866, 080273076433047. 230, 5οῗ’963,1368.ς’03077,3ἓ84ἷ

’ 0883888ῃῷ ⁶⁶3ss²’⁶⁶⁶²⁵‘⁶3²⁰³' ³² ¹-3{’³⁰⁶· ³³Q⁷⁹²'³⁵¹’

60000 076, 390. 407, 633. 660009800’405, 83. 400, 89673578, 3³ ψ’· m·
450, 036 , 050 finemque 36, 733. 000, 565.

6609130090 048. 388, 637. 31803390 060138 034, 69. 044, 608. 400,

66800 353, 400. 407, 394 60000 367566. 080, 700 60049040ν 4833, 04

ὣψπηηωώψᾞψ mwffimw
430, 759 6000 53, 350. 58, 48ι. 86, 60300068, 745

6ἂο 000, 308. 056, 55 070. ιιι, 088. 004, 070. 603000 334, 608 Ι

66800400, 935 063, 000. 065, 050. 090, 6030 40, 73. 005, 004

fflwww mmmffQ·mm

6680 009, 809. 080, 768. 450, 388 , 6030600400, 003 Ι, '

Ι 340,- 57 60064, 647 6003000306, 008

· nauibus 046, 668 600 000, 300408, 686 603000 400, 93 .

68863649 630005, 463 “ 6030000408, 663

8ἂο 080, 766. 365, 37 figens 000, 040 6030 366, 67 ·

· Mos 080, 565 figentem 380, 456 fingit 079, 490

88388508 ³2⁸?J‘1}{⁷’1⁵⁵⁶'¹⁶⁰1'{⁵⁹ 21:51² ἔθ’ ¹⁹⁷ 8 ’

fida 68, 374559064, 049. figit 7⁶:²5? 13315, ’7οἓ9 039, 66803007356448507744, 340.
zffimmmss Mssss4fflssbnm9

2:2⁸, 353, 4980. 000, 848 ¹ fi 407, 390 8 60066900 09, 566. 43, 003. 060,

οη0 Qw4 mmfflm

60000770, 837 630000 08,097. 950, 068 finire 33, 660450, 345 ·

fide,1uhst,79,105.119,394 figura 66, 69. 006, 46. 600 008, 389. Ι064, 80.
080, 506. 006, 737. 009 413, 086. 430, 770 077, 630. 300, 470 1

..8888818885 Ἥ 6ξῖ ⁹· ²⁹³' ²³* ⁶⁰23&ss ,εἷ’ ³⁸³’ ⁵⁶⁸

¹qidel} 390, 7009 6300006 08, 547. 57, 474. 6066108, 548485, 050

6801000000, 563 90, 399. 00 , 409..οι5, finitumi 076, 400. 005, ¹

fidem 88, 340. 079, 498. 700. 007, 069. 307, 075. 007 . --
’ἓὲ 322· ¹2⁹⁰’·2⁴,⁶‘ ¹3? ..8887848 ³⁷⁴⁶2 22}{⁰„t¹²’ ²⁴⁶

609,ὲ33’ 30837, 81⁵3}qu g615· 2³48,·73‹3.' ἓξο, 2}ss finitgrssae'xtio Ι

·m„ffi swmanMfflmm

66000900 037, 44 040, 050. 070. 446, 053. 449, 308 finnt 8, 83. 006, 309. 458,

· 080, 705. 353, 365 63000 043, 000. 047, 306, 500

fidensque 036, 370 300, 040. 443, 069 · 6000055, 403

fideque 003, 648. 389, 610 64, 654. 007, 54; 009, 60008430, 780
650 596. 039, 008. 060, 34. firmamina 300, 490

66000 000, 545 085, 30. 087, 89 firman 080, 744

fide· 95, 507. 056, 55. filia 06, 48ι. 64, 636. 70, firmat 88, 333. 90, 368.

068, 370. 096, 300. 404, 844. 006, 47. 000, 000, ¹01‚⁶89·300›430 ’

0 7. 450, 3 0 211! 049, 376. 050, 438. firmatque 35, 705

6606300 00, 039. 079, 670 055, 500. bis. 063, 39. 6006600000 006, 457
fidibusque 169, 078 075, 66. 000, 07. 050, firmo 445, 003
3067Ιο59, 005 847. ami. fisa 9709118207 ffl.

 

