VOCAQULORUM

:8- 168, 90. 919, aaz 91, 640. 81, 161. 99, 981,419, 419, 946

96, 688. bis. 960, 486. 108, 98, 101. 157, 1110418, 199189· 99, 647.
wmmwwm memww

omwfflm mwmQMQmemmmu

=wwmm mmwmmanwmmwm

&mmmwuwhwmm2m

w mmm wwmss

01, 710, 110, 419. 1061911919, 979 unquam 90,986.149, 981.

mmfimwmmwmummmmm.

mm mmmmm·mmmww

99, 681. 109, 116. 161,167,919,111. 990, unum 19, 919, 91, 697.1

ἚᾞΗψω mmmmm& pwwmmm
884891 117 1114201334161 63'5. 31511110, 19135191Ῑ 1, 882,
1, 83031199, 999, 11199991 914,1 499. 186, 41. 9999471. 116, 979, (θ’
81, 191. 818, 918Ῐ 11111’1.99. 16, 904. 11, 1111911498, 919
91. 181,941. 189, 96918, 944, 90, 996, 11111146.18,991. 90,989.
19, 814. 199, 476. 581. 49, 101. 49619161. 94, 999.4 96, §¹442- 999,
8199171410 . 38498, 80217181816808 Ξ6Ξ,6ξ.’17799ἰ19147.,196,
914, 960 U 11819111. 4119197, 69. (θ’ alibi.
19, 467, 996, 1111911119, 968. 49, ⁸3²· 1118911181, 769

· 91,179. 89, 149. 101, 1061191,189199,699,146,

’ψψ ⁶Qmmmw2mmwmwffl

1 191, 79, 101, 190. 191, 191. 179, 988. aliha

196, 919 vobisque 969, 191
140. 19, 919. 96, undis 8, 61. 17,160,199. 1001490, 710
zmwmm·mwmwmwmmffim
08. 118, 979. 119, 90, 976. 99, 709. 41, 68. 1001611166. 686
10, 417. 149168, 49, 141, 146. 99, 891, 1001611119, 97
78. 171,190. & 61, 190, 100. 89, 949. 10118111199, 948
'tr- 914094076916619611. vocabis 169, 781
¹wwmmwmmmfflmwmmmwz
3, 479. 119, 166. 670, 71, 819. 191, 717. 1011616416, 611
41. 919, 988 191,40. 196, 947. 160, vocalemque 991,716
70, 781, 106,16. 671. 1 0, 990. 901, 490. 10118919,917
¹4· 191, 199. 166, 908, 690. 914, 79 1011819116
7, 441. 996, 684. ungu-bu· 190, 600. 178, 1011116111 111, 14
mmmm wmwmwwfflwv
9, 441 999, 969. 987, ⁶¹3· 499, 11110611411μ46
mm 3w mfflwmwmmw

91671784. 111, ungula 69, 671. 144197, 11. 109, 419. 111,609.·

49, 981. 198, 611. 171110 191, 169. 186, 48. 419,

89. 179,900. 180, 1199119196741 191. 491, 999

90, 786. 917, 198. uni 81, 169. 86,169. 181, vocantem 90, 981 ,

49. 919, 989. 419, 998.184,698.191,899, vocanti 181, 999, 184,
919110. hu. 999, 791. 696 · Ι

,ψ ΜΨ mmmm

.666.196,110 unicam, 199. 167, 919. vocari 100, 678. 178, 497.

,476 . 998, 991 191,100. 901, 907

16. 17, 166. 18, 1111ῑ1091,494 1001159519, 910. 191,

8881888ἒέ8 “’“,“ξ’ ²2⁴⁵} ⁶⁸⁴' ³⁴⁶’ ¹⁶⁹· ..8811 ,1, ,1.

16, ¹39: 18910ςῖ 1111111789117.1111991381 vocat 11, 167. 19, 999· 99,

11, eff 1661. 776· 3¹7, 174, 971, 181. 669. 96, 499. 61, 999. 89,

1
ἢ

 

