1191611111. 111

1191111168, 556. 56, 645..

1116111

serpere 71,·866. 541,15 6169116414, 565

serpit 669, 589 ’1

sens 656, 985

58, 498. 61, 55196, serpunt 100, ⁶⁶5· 166, 6115611656, 576
’111 372· 95· 5²⁷· ¹232 ⁶00

515. 185, 666. 647, 711.

serre 656, 146

setigeri 415, 689
6116116111. 111

ι
551, 8. 668, 558. 651, serra 46, 68. 164, 5. 648, setis 657, 468 596, 846 Ι

⁸ 449.s· aiibi.
sequiturque 56. 645. 111.
461. 618, 696
6191161189, 61
6696611111 166, 716. 165,
2517111 532‘ 323,·320.
110. ⁶- 111. ¹83

161115, 619

sert 644, 669. 469, 716
6616111465, 651

’ seraque 63, 617

serasque 452.· 584

sereno 16, 168. 56, 561
1111111.111

seriemque 446, 156
61161565, 69

6111911165, 564

serior 454, 868

86115111 144, 646

Seriphon 144, 651. 667,

723· 1001483· 39⁹2 929·

sema, 111

(1111 ι541 497
servabant 56, 665

1111181166, 696
servabere 196, 95

servaberis 551, 569
servabitur 196, 59

servabunt 417, 38¹ ,

servamus 595, 814
servanda 169, 647
servandam 51, 664
6111111467, 556
1611611111616, 666
6111166154, 684
sumnus 698, 585
611116 586, 486
1111111665, 586

16141165Ῑᾷ 811. 1684679
166, 66, 65. <9¹ 1681.

· serris 55, 865. 664, 158 88118351 ²54
, 664911. 115, 666· 1111

76. &¹ 6661.

1611111111. ι11

sexangula 456, 586

sexta 666, 11

11616464, 566

6 18, 688. 66, 558, 561
rr, 37⁶» 111- (1 16
'ain plur.

srbr 5, 67. 16, 856 ὅ, 718-
5161. '⁸'

68116 76, 58. 166, 494. 595,

7⁸5· 4⁶42 ⁶702 ⁶¹⁴
6111161466, 589. 556, 677
Sibylli 469, 154

4⁶4 servu 584, 515 614, 16. 5, 56. 6, 47. 8, 87.
(49115565, 2⁹ [81881188 2155 786 ὅ dibi ’161 psqr·
1191911115, 138 111111 11. 111· 114. 116· sicariam 114. 191· 1111
1111111168, 165. 116, 198· 158, 651. 664, 69. 665, 1764,

18111 227· 161161· 111111- ⁸¹0²1¹¹²⁸ 447· 111
11115, 116 116119- 409, 161111. 611113. 118
1459911719, 415 766. 443,170 fictaque 51, 678

. 7907594455, 514 611111151,“565.156,64 6166511656, 666
sermo 151, 44 . 568, 659 servatae 156, 15. 191, 56 6116111111 559, 756
. 6411966614, 668. 54, 685. 1111116665, 548 1111115916

86, 279. 89, 564. 166, servatoque 645, 649

39· 270› 418· 111. 111- 611111118111 11111. 111- 1111111

546, 159, 165. 468, 1616161196, 56 (1161966596, 696

121 · 611111111466,475 srrcrrerat 168, 86. 139,
6111661811 167, 147. 615, servatur 596, 856 469

661. 614, 679. 645, 651. servaturis 66, 558 66111419. 464, 56

342, 5⁶ servatus 196, 94 ³ 61166114599951
strpenv 24, 459· 4⁶st ¹73· stmfflsqmsgr 459 · fitcoadj.307‚654

76, 58. 55, 66. 58, 98. 1111116161658, 459 6616911675, 870

117, 566. 166, 114. 657, [ει-1111961565, 76 · 1111916966

69. 665, 666. 6815695. 6116111566, 465 811111111151, 416

111. 611. rvr· ¹7· 161. 6111111111 8111161616

737 stivict 596, 866. 456, 851 =Sicu12que40327
serpcrne 25, 454· 464, 1111111586, 466

⁶7⁰ 6111167, 516
serpentem 78, 98 servitque 616, 565
111911116111601, 350 Ι6111111155, 16 ,

, 66196611511111196, 616 16111111·1456,868 665. 586, 585 .
1651111164, 447· 64, 656. serum 576, 695 8870111183, 616
· 58. ..5. 96, 545. 658, 645. serioris, 541. 586, 596 surra 5, 7¹· 11, ¹51·¹!¹
’ 5ι5,59. 541665 61161616, 741 186. 56, 771. 58, 42?-
srrprnturnya, 772. 88, 565. 15111 56. 759. 156, 685. 58, 568. ⁶5· 711. 111.

209» 111- 1111111 1111810 · 7⁸9· 111 111· vrri ³⁶2·

¹9

siccat 56, 657· ²⁶91395

Siculam 594, 570

Siculo 191, 65

seur 78, 556. 158, svi-
- 1111111181611196

 

