. VOCABULORUM.

392, 747 gesserunt 764 202 ’ 72222 297, 748
vmwfflssomssssffimmssmm wwmm
724, 799 geste 468 748 gnato 207, 482. 222, 990,

722921127699997 gestamina 768, 226. 447, 77,9 288 ·
'enuere ιι 722. 296, 267 (1201112227, 40

307 gest 26294, 766 (2221222922 226, 244 .
9222021222 297, 227, 222. 7211222190, 77 Gnoffiacas 207, 471

469, 798 721122794, 422 02011220 227 92
genuit 24, 479. 62, 970. gestit 209, 270.· ι89, 264 (1122112222 278 668

246, 702. 267, 770. 299, gestu 229, 960. 242, 287. (1261122 87 ’208
70622729279288224, 207. ι’7, 77122222 7679 no &argue 142,202 ω’

460. 22, 769. 2,· ,4.22 46, 721 umqu 779, 677 Gorgoneas ¹³3 779

287. 80, 277 69 790. 70822277, 708 (10270222127, 628

268, 297. 277, 427 2,78 7272022722, 292. 247, 729 Gorgoneis 242, 296

459· Ι119, 27. 227, 696. 77222222 248 746 402,ι Gorgoneum 274802

226, 790. 290, 787. 787, 72720220420, 284 (2οι70024Ι 270, 699 ¹⁴¹·

904. 790, 698. 797, 740. 7ι7ιιιι 266 227 ’ 280

442, 279, 297. 492, 287 7122 2221246, 277 276, 980 Ι(ἲιιιιγιιιιεο2ι8, 787
972222922796, 807 7122228240, 70 290, 788 gracule! 18 299. 222, 276
uwwffl wwmss swmumm
wmmwmm deQm mwwvs
4,,,,7,,96, 553 7121122 224 78 7226622222, 987. 724, 797
‘entur 742, 62 gladio 242, 289 749, 270. 464, 689
&mmm ᾈΜῆωώι zwwmn⁶
9774622264, 989 7122120222, 749. 200, 777, 722222222727, 279

gerebant 227, 699. 794, 224, 77 4226122242, 80
,9 glande 422, 226 gradio ιι,2262 209 .

40344 40, 29 134, 782 7122211229, 206. 222, 586. ( 22612474 867

72232222 8220226. 209, 279. ’1’29”’82 ’φ’ ⁷⁵⁹ 3¹7, 222222 vu¹76,43436÷²0117, 778.
¹4¹2 767, 393, 733·414, 7122226222 2,88 94 296, 47. 287, 786466,
3¹4 427, 649 7122182222 792 728 247

gerentum 629, sins 434 826 gradumque 98 609

9727012744, 335 (1111111197 ²33 311111 ²¹ 375 53¹ 354·

gerere 208 489. 469, 777 Glaucus 798, 906. 409,9. 207, 99. 299, 289. 227,

φημι Qss·m2ffl wum9vz

gens 378 767. 794,7 77 71962729, 222 (22222272 7,2 199.. 420, 474

7222224029. 292, 427. 292, 71,2689ι22428 699 (22.7· ιι 477, 9
496. 270, 226. 227, 98. glebam, 106 (ιίιιι4ι4, 729
277, ⁶¹4· 333, 679- 464, 722222 248 742. 315, 222. (22212 762 609

702’222ἰιι’2’28,”’9”27. ι87, 627. 7172222224 294 297, 477. 081225, ’6045 ’6 ’96 274
⁹²39» 479 468, 787 170, 220. 722,29 Gra·111380.414

7222221749, 240 71761227, 429 7ι,6 249 (22222 ιιι-,277 242

german„ 274 509 glomerabat 262 29 Graio. 780, 402 ·

germanaeque 782, 582 glomerat! 263, 222 Graio¹·19e4b3, 645

7οιιιιειιιιιιι7ι,807 278, 444, 7102122224ι2, 222 Graium ιι.409 ι67
782, 964 790, 92 7102222226μό, 292 (2221220922 724, 998

germanamque 183 998 710272212902277,401. 387, gramen 28, 299. 72, 677,

7222722276, 27 ,604 92, 422. ι97, 486. ι97,Ι

79220202 269 780 glomeravit& 35 , 232· 427, 646

gerunt 329, 492 787, 627 gloria 29, 469 200, 694 7222222299 ,407 ι97, 277,
·mum4ww2 fflm⁶wfl9w2w 28Q41w⁶ ·

geruntur 88, 726. 729, 427. 296, 79. 707, 947. 72222272 72, 842. ιι2, 229.
m mdwmmss whwmm

vmmmanwmfim

46,8 748 7222222082, 262

7282222274, 792’ ’ · 7197202269, 276 graminum, 87
72222

 

