'VOCABULORUM.

’,1111411136 733. 73,7.·186, 1111111181,163 1161111367, ’38 1
’ 688 1111111131, 661 11311133,4143

6666666766617Μι 163, “Tm 49 ²* ¹⁷⁰, 666166046310
173. 360, 383 387, 613. 1131164111, 111. 163, 33. 111111 3331, 673 '
414, 38 183, 117. 317, 160. 433, 111101 71, 110
”11111111111311 171,163. 163, 61 11311 1 4, 636, 6
²⁰9 16133, 131. 1· 3 371111, 1131141118466ι
11111111134,431 616131, 173. 411,117, 1171138, 437. 683, 611
ΜΜΜ· m·mw iffiwhm·1w
1111111111 404, 41 111111 167, 114 84 8
11111 34, 8⁴⁹4 133, 478 11111136, 37. 101, 330136, 311611 37, 768 113, 663.
mvss mw›m ΜΜΜ1Ψ
1111111101, 373. 337, 876 111113, 437. 37, 772. 61, 3161163, 674
11141, 73. 66, 700. 73, 13. 337. 117, 336 U 11161. 3111111311 130, 4031171,
76, 16116111 1.7111 1114146, 300 ·
mmm ΜΜΜ iwnfflmffl‚
11117171.111,480. 33, 11111163, 38 3111111418, 686
330. 334, 630 406, 3. 18116, 488. 66, 636 31, 3161116118, 371 .
434833 403. 111, 103, &0182 31614111313, 433·
³ 1111,1111,111.18,341 18 81143143 , 311616 11473, 837
1113111113,,16.3 131, 443 Isthmo 177 413, 411 jubemur 11, 334. 414,

sww ΜΜΜ1Μ m Η
111131· 11211 30, 579 1111364, 11 jubendo ,3, ,33

1111101111 316, 401 181141, 34. 130, 678133, jubent 33, 633. 106, 41,

’1111111 13, 111. 144, 611. 144181737161611. ,063 371, 384463,
430 714 111071, 818. 38, 611, 611. 366

1113411417, 633 118, 371. 173, 363126 3141111176, 333

11111188 336. 31,417. 137, Ι866 31611113, 117
3861018484. 111, 383. 11111336, 837 31611311136, 103·

186 ,.31 313, 41 331, 1111111118,371 3116111,401333
ψΜΜψΜπΜΜΜωΜΜΜωΜω
118188 . . 21823²³⁵8³⁴2⁹1³⁰8 ⁴⁵⁴ 3881841818 ⁷8³.⁷ '⁵’

434 59, ῃ 3⁸ ' 711. 465184. 83616135, 601701. 1681766. 666,
1111111111 11, 140 1111111437, 3 444,1.81 318. 13811331
1111111111344,1ο3 1111111413, 17 14, 731. 303, 611. <5

1111111113, 461 11136361.1ὶ1.168,133. 11161,

611111137, 418 17ο,101. 147, 633 316111368111
111-1111711113. 38, 363 1111 11, 171. 41678. 44 311134, 6,
1111111131137, 366 133. 4, 170. 60, 347, 3111111317,137 =
11111181111111111111131
· 1 ² 2 1
3:3621533671 1116166134, 436 3111116118,33.88,333.331,
1111111111 133 130 1111111131, 743 715

inum5ere 331, 438. 461, 1111111117131 3111011111 317 171

59⁸ 1111111311341, 47 311317, 61. .43, 130. 84, 133.
····.·”··“1··.“., .1, ’881178 ¹¹³'²⁴¹ ¹3⁹ 2⁵⁸ ¹³² ⁷³³⁴*
ΙΙ666. 64,1ς 13 8. 8161199 ’ 1116616 14, 108. 43, ²4 333,4396.’411781,“4633’ς”“
1181111 46 ⁴.1⁶o 68, 748. 88, 34, 646. 101, 684. 66 31311116, 483
3866667771ςεῖ1 &aab ⁸· 1116666311 184, 636. 334, 5535155515757559720
1111111177, 641 613. bis. 3131111181, 733

. 1611111384, 331 . 1161111311331, 711 31311113, 433

1111111101 30,137 116111311403163 jugeribus 121, 438

ΜεΜΜΜΜψΝΜΜ1Μ immzmwm
525‚5521⁶s,159 1111111368103 3131131141 31, 313. 113,

681

’1

 

