'vocussuuouuu.‘

1110161117 ,451 8174008515 10611611 41, 61. 010, 658,
..1110111110106460 Stygia 94, 505. 508, 697. 018, 784. 591, 718
strauit 58, 477. 909, 716. 550, 500 - 1069161011,155.15,009

949, 055. 956, 454. 959, 8175110 101, 695 [06916101 011, 599 ,

550 · - Stygiam 110, 497 - subjectum 148, 547
1111911,111514,965’ stygias 96, 797. 49, 101. 1061111 10, 190. 145, 080.
1111711097, 569 86, 070 . 047, 700
1111911011 119, 845. 411, 8174186090 “ 10611 186, 697 -

“ 015.,490,780 Stygiis 159, 115. 409,10611181,165.195,170

· 6071101955, 650 155 · 1116110410, 050 ⁴
1111111195, 555 8175116110 1ο,159 1061156, 418. 69, 755. 85,
1111610199, 085. 4141096 81751015,189.77,76.154, 059. 99, 648. 185, 669.
6116001901οη. 007 , 504. 096, 519 010, 694 040, 560. 058,
61161010109105 , “ 8175101581,465 99. 915, 61. 406, 610.
111161110109110197, 416 . stygius 470, 791 494, 807

6111001110107, 617 ‚ , 811111111111157,515 10611159, 549. 422, 913
1111611510, 079 ¹ 8171076111161061, 167 ,10611014,001.1’71,068
1111611060,171 8191100454 , subitam 901, 689
1166010119, 415. 050, 087. 1111417, 7, 5918 500. subitarum 59, 515. 400,

11661· 1111611· 111. 111111· &s 11111117 ,513

076. 4116, 100 plur. ’ 10611179,119.069,597 ,
61160110555,608 suadeat 51, 618 subitis 156, 560. 904, 541.
11116010 084, 6 , [0160111211 39²· 465, 650 423. 544
1111911198, 169 · 1011111189,οο.5801418 subitisque 81, 179
611151611557, 755 11111 55700. 96, 754. 57, 106116117246, 180
11111515 08, 556. 599, 776 777. 55, 4066601161. ’ 1116116 adv. 60, 555. 78, 96.
1111115111οο0, 555 10111167, 719. 166, 111. 118. 586, 591. 115, 559.
Strophadumque 591, 709 1741, 550. 179, 477. Ι611. 106, boo· 151,711. 17 ‚-
1110011180, 575. 141, 560 v &asbs.· “ 195. 156, 9199. 081, 59
11106111 5’5,677. 065, 051 suarum 67, 715. 81, 186. &obss
610610400510,05 165, 99. 180, 5941 017, 1061101118180 ,

. 1110610111-4,198 766. 500, 455 10611017640. 000, 570
1110116011,155 ⁴ , sunu 116, 905.160,16. 165, subitusque 165, 46

Strymone 50,157 ¹ 106.17,504.610661. subjungit 148, 940 .-
606111071,405 ’ 1061111571, 515 χ1061110 908, 677·

studeo 015, 715 suasu 014, 90. 508, 688 - sublime 915, 97. 975, ²833
6111111181 ,111111111111111131 111111ι

. 60611900145,067 , ‚ 14, 015. C& 11161 9111111 sublimes 100, 401
1111611054, 694016, 751 plur, 6161111110 051, 055. 555,
studiisque 14, 199, 948, [9660916141 565

008 subdidit 202, 567 [061111160199,1 4
110610 91, 415. 115, 095. 10611118,654.151,700 1061111111 11,168.159,-648,

161,10 subdita 7, 60. 045, 660. 650. 196, 000. 051, 815.

1101515900 056, 578. 051, ²⁶42 234· 3452 Ι41· 4232 36101508· 3³32⁶¹0‚·⁴⁶4›

60610601 416, 615 1 suffire 509, 486 subuersum 150, 079

studiosus 014, 680. 414, 8116611ίὶ65, ⁶¹ 6181188818 761 3²· 94· 500·
501 [066011156641 117, 540

studium 407, 694 , subeant 448, 507 1061111111 190, 90

studiumque 160, 678 subederat 999, 785 Ι 10111111Μο0145 055
6011111181, 745 “ 1061611 50, 594 submisso 195, 191 4
1111710405, 547 subjecit 81, 167. 091, 184 subustum 517, 171

1111711 47, 191. 90, 981. 1069111018,098.’ 07, 510. submoveant 015, 97

¹ 190,676. 140, 005. 095, 199, 904. 414, 504 submovent 170, 074 ·

,55087 951, 599, ι 50691111901945, 117. 999, submovet 99, 664. 549,
0 11 ,0 · 14 , 21 , ’
6060115915549509. 186, 64. subgesta 170, 000. 581, 1061310111 141, 168
1611111 '4³8 · < 8111118111 1111481

1109111901 186, 40 ’ ’ s'ubjessatquenm„x 1060711199155 mm

 

