runcis·

subseriii 171, 361 succrescit 168, 351 318164, 13 5. 317, 653.
subsedit 51,177.166,197. succubuisse 35, 714 ’ 416, 611
3614498 1 succumbere 141, 177116, summeque 5, 17. 334, 616.
. (1161111111. ¹⁷ 141 141. 41· 414. ⁵⁰
subsedere 6, 43 . succumbimus 397, 856 summu 57, 457. 98, 615.
6116611 195184 succurrere 461. 631 337, 733. 377, 344
8666666116, 344 ’ succurritis-170, 169 summusque 19, 571. 81, 4
subsisterat 469, 158 666561 96, 397. 466, 941 193
substitit 14,167. 346,147 ,66166616196146166 summe 131, 736. 386,
, 866611181453, 399 666111361196, 368 599
1666661113, 116 sude 351,199 summi 436, 735Ι
substrictaque 338,751 sudem 351, 366 ’ ·661111118461176,469
subsunt 324, 359. 355, sudor 158, 631. 161, 173 6166611 153, 476. 396, 836.
420 · sudore 47,198. 149. 766. 464, 38

’ subtemen 163, 56 156, 57. 311, 31 summisque 198, 178

subtraheret 376, 316 suem 369, 716 summo 14,111. 31, 668. 46,
6661481156, 796 suggerit 446, 81 · 178. 56, 167. 59, 515.
[6611681361 177, 411 , sui 5, 36. 174177. 74381. 111,179. 119,659. 131,
8161661339, 796. 411. 91, 435. css aiii qm 711. 147, 695. 157, 77.

507 , flur. 434· 31214471 ¹94

. 7,,..911369,133 surque 55, 463. 88, 334 summoque 170, 164. 169,
succede 242, 549 suis 7111111. 4, 13. 7, 713 18, 389 ·
succedere 69, 766. 314, 8000 187. 19, 555. ὃ· etit summorum 165, 89

436,1.,444,187, 199 4 36867761. . ,1 66116161, 175, 387.. 477,
succedit 316, 141. 416, 16676671. 413, 186 . ²7⁸ -

616 sulcat 131, 767. 467, 716 sumtuum 47, 161. 169,136.
succeditis 195, 195 6611161461 86,176 136, 381. 167, 335. 336,
succendit 151, 441 suicit to, 113. 79,167 566. 366, 571
succensu 114, 74 sulco 1631 5³9 summus 390, 761
succensaque 386, 413 sulcum 78, 164 summusque 275, 564 ,
successerat 186, 713 16116196, 374. 431, 791 sumo 153, 881
1611181661 131, 173. 351, sulfure 156, 445. 198,161. [6696111159414. 159, 637. 4
tutissimum 484 suiirirfieirgsm 346 661666664265623556. 389,

¹ successu 16,115. 61, 596. sum 17, 513. 61, 588. 68, 673

cunct 743· 76311· u ¹⁶⁶⁵ 616611161111466·
successor 91. 589 plur. 411, 116
successu 167, 136. 136, 384. sumat 59, 516. 86,186 66166178, 341

240, 49 5.,351, 198 sume 116, 366. 137, 416 sumpta 167, 481. 413,184
successurumque 70, 786 sumere 164, 7. 315, 381. 6611118417, 651 ,
6641616111 ’6711116641 ⁴⁶02 14141411 ¹⁵⁵· 111- 111.
succir 11 , ,
. [1661916669751 [61666611661456 , 66611141 359, 557 ’
succidimur, 117 sumit 116, 368. 111, 481. sumtis 164, 47, ut, 5⁶²*
6616811681 145, 666. 158, 89. 193, 115. 198, 376. 316, ⁸146, 188. ¹95· 189, ιη,

111. 103· 30³· 53⁶ 40⁹ · 3¹· 23m61· 116111
6668668181, 156 sumite 96, 545168, 567 sumto 69, 759. 135, 366
succinsiis461,603 summa 47,166. 49, 135. sumtumque 113, 511
succis 47, 111. 167, 139. 76, 791. 117, 343. 114 6616161 88, 331

196, 115. 1991876464, 517. 141, 563. 168, 351. 66616416,355.13,414.761,

464141 199-4191691 3712192· 8391678438 7⁶· ¹4⁶2 311. 357, 561·
6614166135, 364 815 , 411, 151. 414, 307
succo 11, 467. 44, 116. 393, 66666811,163. 18, 196. 61, sunt 7, 64. 13, ³9²· affl,

8¹7· 451» 111 5⁷3· ⁶2· sir-⁴ 41· 481 5¹0· 51. 311. u· ..6
succo· 198, 165. 166, 316. 156, 398. 151, 415. 341, 31111711.

302, 493· 40019484· 4¹32 .15· 44⁶2 ²58 sunto 86. ²90· 143, 111
reticuit 17171 ⁵²· ³³⁰· 6641117, m,
616611611111146,6864 · summum 51, 366. 134, 345. 56, 447, &ew

‘'s'‘

 

