.VOCABULORUM.

⁵ 158,107.194,150. 500, 58. 176, 750. 551, 555. 784657. 785, 664110,
440. 579118. 511, 508. 561, 599. 580, 410. 595, 554.1911.601.157, 401.
177676763378638659566. 408, 7777776040, 75. 77, 51. 115, 77666606410, 108
...77444979 1117445 ζέἲῖξξὲ 8886837... 9,...
7771117649154746· 191. 116· 945. 75· 591. 769- 445119
197. 595, 800 ,77, 850. 406. 91- 440. 7137711577 ,447
virgo 71, 749. 18, 559. 50, 1414. 417, 2:²- 457, 556 visent 19, 561
589, 56, 416, 417. 57, 777.1750078,168 viseret 8, 94
457. 67, 570. 67, 579. virtus 144, 145. 145169. 779 70, 778
6667866837. ι71367 7687 7666 gg, 6687276677 7666· 6667 6666ξ676673ω677 766· ¹0²!
149. 576· 1661· 199· 96411· 416. 557· 71511114170
viri 11, 471. 16, 479. 87, 414, 587. 444,105 viso 58, 500. 81, 778181,
. 154.100,670. 101, 751. 777107910546, 159 554, 564. 191, 86. 575,
711. 181154531· 156. 11111114· 151. 715. 155. 776· 74
588. 169, 407. 505, 51. 104, 405. 140, 577. 156, visu ¹¹3· ²3²· 191, 566.
519, 495. 555, 656· 61. 161, 788, 100. 551. 580, 411
«liba 551 visum 17, 566. 91, 418.
visique 96, 549. 556, 688 virtutem 141, 177. 514, 146,575.108,494.109,
1111161116. 543· 41. 54- 51. ,945 515· 119. 764 156. 166 ·
180 55, 401. 775, 147. 7777077407,115 ,1785989619
. 129, ⁶53, ¹3⁶· 51. 747, 7777975156, 587. 571155. 7767777900 7176576
666,65578’16111ῗ1;067 77767. 17767767456ῗ 681. 198,170. 77763967967617,6460
viridem 155, 51. 187,-87. 107,475. 154, 517. 149, 7730715165,151
189, 157. 400, 960 768. 179, 670. 187, 711. visurus 89, 547
strides 59, 11. 54, 571. 198, 564. 507, 671. 555, 977775766116. 188, 5175,
114. 413· 341. 11· 451. 374· 577. 322· 379566· 644. 141515· 146. 667.
..³75 419. 756 514 556· 555. 675· 557.
”fidesque Ι677 3⁷5· ²7⁸2 ”¹¹⁰³ 711 660· ¹²32 5⁰¹· 746· 3931766· 4371 ³²·
654 ,²(ffou 758. 477, 405 1458, 509
viridi 9, 711. 18, 197. 88, 777019775559, 776 vna 101, 555. 147, 711.
. 514 94, 501. 115, 505 us 5,16 10, 757. 775, 187. 179, 671. 515, 517. 581,
7111111911 75. 664 151. 457- 169. 19· 157. ,464 459. 554 ·
viridis 199. 280 875· 556. 465· 446. 199· 6114 65. 151· 169169 .·
virilem 11, 471 449, 514 nuque 441, 179
’5173377 91, 405. 500, 454. visa 17, 517. 19, 567. 56, 771110, 556. 79, 114. 91,
511. 466 75569154· 69949- 94. 444 99. 469· 711. 44 .
67717778,581. 584, 519 491. 708, 97. 715, 514. 509487. 505, 6115 ,
7116771636. 392 1361763· ¹44, 2'33 7567 645· 3361 ⁶9⁸· 459195·
777317605548,108 595. 754, 50566167.. 771110409175 ,
viris 95, 519. 556, 476. 372, visi 754, 787. 745, 109. 177111390771, 818
79.587, 450 177,151. 518, 457. 54, 7771771 65, 610. 756, 15.Ι
virisque 777, 416. 454, 110 757, 61. 774, 557. 111,
42² visaque 69, 770. 110, 746. 585176605191, 101.
qim 54, 575. 88. 516. 158, 161, 796. 181, 767. 479, 556, 701. 584, 511. 450, -
65.· 145. 164. 161. 11· ,956 ,775
778,440.784,649, 157, 7771 81, 185. 97, 416. 750, *mamque 774, 556 501,
879156, 65. 160, 757. 676408, 116. 470, 787 487
551, 579. 574, 400. 63 visaeque 16, 490. 598, 9476Ι 77160150,585
aubi. 976777 81, 791. 757, 775 7717771779, 406
7174714169. 179- 579. 597· 1161111911· 56. 445 11115145. 161· 551. ³⁸⁵
585, 489. 584, 509 meu 10, 758. 57, 174. 7717777 709, 750
9779777777 755, 768. 143, 79. 709, 775. 710, 414. 711, 9711677475,188
175. 517· 175. 382· 171. 457· 175. 569· 176. 596· 1111575. ⁸· 167. 41· 567.
2 ³4¹·

 

