999999969999

torosa 995, 499 975, 999. 975, 579. 989, 998, 694. 978, 465. 986,
torpet 585, 549 586. 99 , 979. 996,,459. 699. 949, 555. 958, 99.
torpetis 949, 996 · 959, 85.976, 597. 977, 549, 65
999999 98, 548 654. 995, 979. 598, 469. totus 191, 59. 554, 499
Ι9999599 556, 475 555, 699. 549, 46, 47 totusque 94, 995
torquent 599, 59 totaque 968, 5 5. 599, 476, 99999 958, 449
’8886661989ι 132 494· 400· 965· 40⁶2 97 89886 779 73
torquet 49, 7¹· 76, 49. 949, totam 69, 599. 499, 988 trabem 558, 599

¹37 totas 96, 955. 97, 989. 47, trabemque 554, 649
999499999596, 959 995. 69, 557. 965, 998. trabes 996, 449. 949, 559.
torrens 958, 457. 949, 599. 496, 559 959, 858. 965, 999

ψωτ Wmffls twmssbwwm
mmmm fflmffiwwmm2nm
torrentem 97, 568Ι 755. 949, 959. 956 567. trabibus 954, 599. 594,
torrentis 86, 999 969, 985. 999, 697, 655. 569
99999999990. 554 945, 588. 965, 999. 555, 99999 998, 475
torreri 949, 596 694. 498, 495. 446, 949. Trachasque 466, 797
corruit 9 5, 999 455, 499 Trachine 554, 697
torserat 222, 28 totidemque 6, 48. 49, 98. 94, Trachinia 599,’969. 559,
9996 555, 585 “599. 998, 679. 946, 599. 599
99989 957, 498. 544, 99. 985, 679. 999, 656. 559, Trachinius 599, 989. 594,

9Μη mmm ψ

torta 594, 79. 465, 696 tonus 59, 696. 69, 694. 85, traciam 999, 996
tortilis 20, 556 969. 99, 459. 999, 575. naam 589, 499
99999959, 799 979, 459. 959, 966. 579, 99968569, 599
9999999945, 958 585. 585,49. 449, 995. 99989569, 584
torva 122, 464 944, 949 446, 969 tractoque 65, 696
tome 976, 495 totique 64, 649 999689 7, 59. 59, 596. 969,
torvamque 469, 586 totis 96, 569. 999, 4969 99. 467, 795
999969, 759 975, 485. 597, 658. 499, melum 959, 95
torvis 958, 99. 969, 54 700 tudun 996. 218
9999999 999, 989. 977, 459. 9997999998, 594 tradat 182, 589
999, 99. 999, 559. 979, 99994, 6. 7, 79. 96, 495. tradendum 444, 999

⁶86. 304, 556. 555, 655, 57, 449. 69, 595. 79, 775. tudere 96, 949. 999, 679
465, 654 77, 67. 998, 74999, 989. 994, 95. 465, 659
99,9,ῃ499999,4ιο 998, 569. 954, 489, 599. tradiderat 999, 574 959,
torvo 59, 979. 966, 995. 956. 556· 953, 635. 967, 949. 595, 95
957,97. 5655 949. 975, 998. 956, 47. 99999999 59, 694. 89, 965.
torvos 995, 957. 585, 549, 969, 175. 276, 592. 281, ¹82, 578. 958,999
596, 844 749. 999,494, 599, 445. tradit 999, 999. 2⁶0¹, 956.
torus 99, 555. 945, 655. 959. 499469. ⁶22· 398, ⁴26‚620 ‚
333, 69,, 895. 499, 958. 495, 989. 9999199999 995, 579
torvum 996, 959 4439 ¹74 4482 302. 470, tt³d¹t=¹ 569291, 4159335
tosta 959459. 546, 955 779 868686 ¹33· 77⁶
9989495, 975 totoque 59, 987. 999, 996. 99999997, 557. 994, 99
9979954585 985, 699. 999, 98. 957, uadunt 97, 575 .
mmmmmfflawmmememm
3324x⁵³2³f'³⁸⁷·²⁰‘92f³'4222 ‘0336353’1285- 331‚555 Jfssjjss 2323'13? ’
129‚662. ¹4⁰2 ¹3⁶· 144, totosque 309, 795. 557, 9997999949, 79 ,
mwmmmsw mwmwffl
995, 955. 999, 545. 955, totque 999,498. 585,499 99919999 95, 999
99. 599,475. 596, 695, totum 13, 187. 55, 797. 999696999999, 899
69 99Η9Μ999ΜΜ996999
totque 999,498. 585, 499 9969 585· 244, ⁶07· 30⁸· 27⁶
999969. 542· 65. ⁶⁶4· 66, 700· 999· 4⁸3· ³³02 5¹7· 1¹³h=0d⁰55v44¹ .
688. 99, ¹14· 120,440, 544, 94. 569, 697. 598, trahens 172, 959. 985, 6999
mmwmm‚ffi mmffimmh

975· 959, 459. 967, 946. totumque 68, 754.- 99, 646- 466, 794. 475, 82⁹³th

 

