100110101011.

61111111 565, ,31 6111111111 158, 617 frondente 149, 756
fraternaque 158, 441 frementi 16, 144 fronimus 151, 199
66666648 8181. ,1, 68818”.,’ξ,”.7’9 6666866ᾎέ8668, 1,. ;
ixi, ,,, 4.. ,1, {fiilia ¹⁰* ¹⁰⁹² ¹3⁶· 111841 88311.
...11111 ,1. 1,, ⁵⁵⁷. 11115111 11 ⁴3⁸¹
rnf²¹fi²⁶⁸. 1 » 68688611. 1 66868668 ⁶⁵⁰
>61111611141ζ1ῒο78464’6ξ7,46. 85816684466671257, ιο. frondibus 9:22), 339⁵3. 100
155, 5116 158,4’41. 171, 6159101111 101, 751. 106, 667. 150,589. 168 165Ῐ

455. 460. 511, 175 57514, 89 185, 599. 188, 91. 315, .

fratremque 190, 51. 140, 6119111111166, 515. 191, ,46, 577, 514 590, 690.
mmm 1mmffl mmmmmw
fratres 79, 115. 159, 107. frequentes 97, 581. 168, ’105 , ,
wmmewuu9' · immmum
141. 156, 571. 158, 446. frequento 101, 691 6101160611 157, 410 ,
159, 491. 140, 509. 169, 611115, 56. 51, 198. 115, 61011156,570.195,115
405. 561, 605. 569 151. 551.154,788.165,104. 61011111,175.17,167.58,
ωωφμψω fflfflstfflum muummu
*345 67. 196, 101. 106, 460. 154, 488. 156, 45. 157,
619116911551, 541 116,141.545,586. 507, 861190, 158. 555, 587.

fratri 94, 506. 144, 150. 654. 516, 150. 518, 465. 594, 770. 597, 851. 406, ·

nmwmmm ffimwwwiwmff
569. 511,198. 589, 664 516 ’ 'frontem 76, 1184, 111.
frutribus 79, 118. 114, 686. 61111901 519, 491 100, 666. 176, 155. 156,
555 64 . 540, 5 61111519, 109 45. 189, 114
fratrique 515, 519 61110155, 6. 115, 104. 419, frontemque 114,· 517
fratris 51, 195. 171, 454. 711. 469, 771 1101111461, 608
177, 659.197,1.·,8. 560, fretoque 421, 485 61011151, 176. 80, 159.

58⁶ 6111011110,440 180, 511. 1796871351131533536. ,

farrisque 156, 564. 516, 188,.1. 151, 554.. 510, 5861441, 155
410 158. 517, 455. 550, 517. 6100111155, 884
Ι61111011 7, 60. 11, 445. 591, 904, 910. 405, 6. 6151111150, 585 ’
171,189.140, 506. 456, 419, 557. 415, 558. 447, 1111111511, 51
m · 2mfflu fimum
61106111 197, 150 - fretumque 557, 714.. 541, 6011101455, 448. “
6110611450, 715 59 ' 6111111159, 486
1111111191, 596 Ι frigida 4, 19. 195, 156. 440, 61151150, 789, 451, 595
fraude 61, 558. 565, 51. 549 · 6115119,109.51,188.148;
mmmmfflmmwwffluuQ mmm
7⁶⁶ . 190 frugiferas 159, 656
fraudem 100, 650. 190, 45. frigora 6, 56. 48,114. 150, 615111511111, 614 ’
440, 101 590 frugis 516, 110
fraudes 951 534 frigore 6, 5141, 174. 176, frugum 155, 475, 490. 166,
fraudesque 10, 150 581. 178, 661 118. 151, 174.Ι 500, 455.
faudo 115, 654 frigoris 69, 765 441, 111
fraxineam 155, 9. 555, frigus 63, 611. 119, 80. frui 16, 487. 181, 715
569 150,790.189,119.516, fruitur 70, 779
fraxinus 140, 145. 114, 416. 451, 763 611111146171. 65,619. 65,
681. 188, 95. 545,111. frigusque 71, 815 676- 91, 451. 94, 500.
551, 514 611161101417, 649 Ι 116, 555. 158, 91. 141,
61511141, 171. 155, 478. fronde 20, 547. 61, 557. 151.141,175.171,195.
1.Ξ.ἱ’1863’,ἐῗ9,’.1”’ ⁴³³ 323.⁵‘{²5'r‚¹³⁹i'. ⁷2⁴r⁶23 ²³3⁹ss rm‘ffgffff'iu. rr.. ,1,
61111ώο111545, 118. 410, 51117· 315108 156, 59. 187, 75. 556,
ww „' uwmmummvssmmmwfflr
6141111111111165, 1071 199180 6101111 147, 719 ·
e 111114 fruticet

 

