INDEX “

4100110 177 279 011101 8087 589 090· 010 5⁷¹· 1087110
,3337333333 7373 78 3ο3. 8,3373 343, 8⁶.'54 337, 836
’ΜΜΜ8· ΜΜ7Μ ΜηδηΜΜΜ
7 ⁸8²¹m ¹²⁰» 4³2· 4017 0111110080 000 094

598 apta 33 433 776, 337. 786, aquosa 737 ⁶22
33778376, 337 373, 308 690. 773, 377. 33, 4ο3ἱ 7377787736, 37ο

aperus 12, 773 334, 783. 437, 6 .437, ²8¹¹⁰s0²9¹2 763 .
’333 ’,37
Μ ’ΜΜ3 ΜΜΜΜ731
mmmm3 ΜΜΜςῡ ψπ-ΜΜ
{penum 124, 377 ,37 aptatum, 767 Anba· 5,01 478

017·317Μ·Μ7ἃη3·ΜΜ38ἻῃὲημΜΜ

3377437, 366 ’ 73718733, 73 ' 77337, 374 733, 734

. apex 218 773 33777437, 763 77737347, 37, 343. 763

3ΜΜΜ4 ΜψΜΜΜ ωωυ7ΜΜ7Μ

Aphareus352, 541 333778, 337. 33, 450. 34, mnt 78 ,254
. 83177837 337 3’77 505. 738,367 733, 333 377776, 74 767, 777. 737,

,,31ΜΜΜ ΜΜῊΜΜΜ Μ37Μ3Μ3

Α316371737, 338 3²4 050· 005 407· 0117 008· 1
3477 333 378 7777376, 33. 25, 433 777, 737, 778. 333, 483. 743,
3771777433, ’383 433. 743, 3 6. 763, ¹07· 763. 363, 76ο, 764383,
Awmmmm ΜΜΜΜ37ΜΜΜ·Μ7Μ
3 33 73. ⁵33 333 3²33
873111773433, 333 - 373,69 436, 6.76 433, antra 733 478 ῗ
8761117337388, 637 733 337713738673, 77. 733.
6331177373, 473 aquam 776 338 778. 437,3. 447, 733·
7177371117κί 377, 454. 374, 59535171m58„¹2²84 73, 515. 53353062281155‘5. 671488, ,,347
Αρο11177777377,733 3434 ἒξ, 778648 8, 7ζ6. 233333599, 763,
4176111717 733, 209 377, 733, 77 738, 117 505, 778777 37 438. 88, 337
01000 800 800· 804 889 8806371840·οΞ00700100007 ιῐδ81000 ⁴⁹⁸ η* ¹⁴9,
64337377 68,734 366. 438, 508 7761771777 773334. 373, ·
ν73777777713778, 39¹ 7473777, 377. 3ο, 384. 37, ςο4373,7ο7. 363, 638.
’777717 77 307 7777 273 ⁸2 ¹89· 777 473 ’1737371707 93-103
767 97, 591. 509, 124. 737, 37. ιο 83. 773738
’ 733711777736, 798 707. 550,58 ,737, 473. 738, 643 373, 673. 748,
3ΜΜΜΜΜ ΜΜΜΜΜ ΜΜΜΜ67
ww 3ΜΜΜΜ8Μ7Μ·ΜΜ Μ
·55551133272, 463 446, 34 447, 787. 450, 373. 3ο7, 647. 333, 367.
ΜἾΜΜΜ 77ΜΜ Μ7Μ407Μ
appe lavere 207 473 aquatica 767, 347 388, abore 9,5. 34, 438. 34,
’833771714773434433 96* 367 37, 47ο. 703, 735·
‘ 337·17,713777 337 Q aquaticus, ’,3833 108, 95 703, 737 776,
37311377 747, 763. ¹8⁶) 3377118766, 108 337 155, 336. 738, 677.
· 223 aqiulam29, 50⁶ 763, 733. 774, 333. 374,
77717737 38 338 3317113777 73, 338. 788, 673. 37, 450. ²43· 768.
3333738177737767, 367Ι 3 ο,7 9 368, 376 377,
33377117, 747 570 7477137377 77363 · 3037 734, 363 3ος, 333
3777677 736, 607 aquilonibus 44,, 737. 743, ςος, 551. 373, 33. 315,
73776717337, 837 - 383. 387, 77 773. 320, ²44· 329, 478
’ΜΜΜ17 3337Ὕ33Μ ψ73Μω7Μ
737771· :am 3,74 ,333 6,3.7 .33, ,4337 7708 ,,37 473, 683
app 77117337, ¹7 , 777, 33. 733, 483. 737, 3787738783, 733
7377 737 773 476, 359 77373 37,737.737, 595. arborem 8, 637

· Wmmp ⁸ 3ΜΉ3ΜΜοοΜΜΜΜ

4 - 187878

 

