, 6056115145, 406 .655. 516, 50 501,

11411111

’6561155156 66 666 5151555166 Q 555 565651, Q
1515110350, 701 Ι 5501711351, 315. 150. 516, 557 -
6051155001545, 565 accipit 150, 441. 175, 4614401111,101566 510
60560516, 405 165,551. 55066655 333, 251ὲ1111735867151ῗι76ηοι
1111111 411. 1111414» 51151115155511165 161111616161654151111
111 417 4111111 151541. 1115111141
’ “adt 116, 567 50017115 555 450 176. 360, 193. 565174.
5105101540, 41. 51, 303. accipiter 151, 606 354, 571, 175. 575, 511 511,
511511· 1111411 1115141 445· 515 1111111411
674. 551, 105 307, 646. 1001511111 151, 60 156
,QQQ QQQQQQQQQ
510551010445, 511 1413 345, 57. 451, 5015 10111111553,7ο5. 566107.
5100161151, 560 506 75, 575, 164
5005111555, 57 1001151145 6, 666 Αο61151114610, 151
5001105555 516 acclinataque 555, 561 1111111154,145. 546, 166-
100017001455, 346 5001111111151, 75 565, 367,16. 566,
5505561101, 651 10011115 467, 757 A133h 33561636. 561,445
500551110141556 1001111567, 554
5000161550, 517 5001111140, 15 Αι66666116065566616, 6060. 415, 761
6010761175, 151 500111,115516 53 1011115555 757. 354, 767
50055610 510, 716. 465, 5002οέ1111οᾲ11 115, 351. 555, 5015755,4641154, 145. 564,
50057165 174, 337. 457, 5000661615545, 660 10111150, 761

461 5001111110 576 505 5015570 776 794107. 511,
6 ιο1711174554155,56 1011105110 372 500 51,4343 75. 37,5 507
1105716511 47 teet 101, 704. 505, 545. Acin 1971661, 611. 556,
5100716 66, 655 ’ 355, 554 614
1510511410 405, 11. 413, 5001510111, 55 5101706 51, 515. 105,111.
171 5001115410,167 15, 565. 550, 754,755
1111111115. 514 1111111111- 5511111 1111551151 5111111

’ 6115511754 410 100115 545, 154 . 656 611
505051101311, 467 acernus 155, 417 aconita 11, 147. 505, 415

51055116ωο5457, 50 uerno 233, 546 anonim 504, 407

m 507, 466. 351, 50511511 550, 705 Aconteus 145, 501
505 1011111551, 566 5010461, 57

αφ101157η66 · 5051104114 acm 43, 66 156, 065.
8057100101, 616 . 5501105751,11. 140, 151. 218,ss 06. 503, 550550,

1111111541 115 514 115

«1566654667 ’ 6115110111 115 515 . 1 ·
5011615 , 551 Αο115111111160405, 165 50110156, 540 57, 5661163
5106111576, 157 601515516511405, 161 767 3’5, 370
melfi! 37, 446. 77, 76. 7111155111001601405, 167. 11111110 56 333
174, 346. 115614467, 11011ιί1 157, 606. 551, 561. Amissum-2144, 535
5016116611 105, 115111, Αο66616166655566 5616. 441, 656566666756665566
6 2333510190, 41 110616165οη11 11 6611616Ξῖ15661615661166661 61,
5001151151155, 666 Acheloe 232, 333. 544614. 517 1311707616061471
“‘,¹{2Q⁵⁸,⁹;,QQ,QQ⁴³ QQQQQ
114 15111511111511 1111111111116111611 5155 65664ξῖ556666
1 11 5115415 551 11111111111511 145 11111 1514515111
⁴ 44175351. 41735766 Achelous 545, 346 551, 475155
6 6 516 11111551. 114 661066616161656761616.

6011110551, 565 545, 11 1465067710 ω

 

