- 1NJ)Ex

1011111341,46 101010181916 ’ 111. 191, 810. 191, 39.
mmmmmmw¹wmwmm1w mmmmm&
sonantibus 330, 901 · 901. 184, 633160, 149. 97. 417, 463
mm9ffimzffiwmffiwmmmspfflmQ5
m wmnmmmwwmwm
mmmmemfwsswwmwspfflwtstvssm
ffiwmhmw mmmwwffl1stmffl
139. 330, 908. 348, 116, 106, 411 110, 168. 114, 1711111 110, 849. 490391
398, 891.461,606 174.116,.303.119,409, parserat 131, 167. 319.
1000111146,197 “ 419,111,491.1111111’. 109 ·
10011118, 391 101011 68, 749. 691798. 1711111 113, 910. 1191979·
1011111130,973.171,290 1711198· ι781 441· 1101 4701790
sonituque 198, 616 ’ 9 37. 183, 604 1711119111 106 444
sonitum 76, 37. 94, 498 1010111 117, 334 174, 938 71161449, 111
10110 90, 387. 141, 193. 1010111111 94, 371. 119, 11811941911041419
· 160, 664. 311, 18. 348, 418 9111104111 138,497
104 369, 117. 418, 419. sororis-71, 803. 180, 939. 1111081,194
10110131, 638. 90, 378 183, 606, 610. 184, 630,, 3111101 81, 169. 313, 97.
10011111 183, 618. 311, 191, 94. 167, 317 384, 931
168 sotorum 37, 763. 40, 14. 1711101911413,166
10001301, 697 · 931346. 134, 791. 149, 1711111118,941
, fonti 389, 963 168. 146, 309. 141, 994 sparsumque 199, 944
·, tonuere 111, 4491. 387, 113, 906. 470, 781. 471, 17111010106,441
608 808 1711111111116, 193
. 1011011141,104 1011 79, 386. 117, 171. 17111111 141, 967. 411
senum 39, 708. 111, 619. 179-679. 373141· 3131 790
333, 611. 331, 73, 741, 411,. 411,191.411, 489 87111108 83108
, 11· 110111· 110110- 7111111650 , 3 811111 116110 411116
' 1085848184, 137. 181, 0:32521’12?¹¹ 147’3ι·,87111110 191, 170. ’111
776 1011111188319. 118, 643. , 117
sonus 69, 661. 91, 401. 149171 171011111117,3“64
141,194.111,16. 149, 1010091111, 381. 367, 111110111416,619
- 77044, 978. 431, 749 ,88 1Ρ 111111ῑί11111 108, 87
10710191, 149 sortes 11, 368. 316, 411. §mantuam 64
10711111 196, 113 371, 184. 499, 436. 463, 17111111161, 973
11110111118110011 611 111110411- 1411177
, sopitus 391,317 · 10111 989, 691 ·-“ 1 111140,16
{opor 34, 616· 991 631. 1011180179170 . patio 11, 411. 47, 101.
113, 667 10111111, 389. 118, 643. 110, 3071304148119
«sopore 191, 817. 431, 779 189, 680. 379,177 689. 198, 389. 319, 464
10701011797111791411· somn 411141· 11» ¹²4· 1311711-3101111418
mmmmwm mw³ m
677 1011111149999 1911149110 99, 917. 1311
. soporiferam 331, 986 10111011 338, 798 · 179 ·
1000111437,11 sospes 190, 40..198, 99. 17111011347,186.418,111ι
sorbent 161, 171 331, 980 461, 613
101601101940 1017110 109, 419. 404, 39. spatiosam 76,10
&mma mmmm swmm
, 101618114ς,648 , spargam 397, 866 18111010 473, 849
, 101610014ο,49 spargensque 81, 190 spatiosum 338, 793
10101 20, 391. 89, 166. 1711710101361,600 17110100901141Λ19
116,314.147,330.169, 1711301199, 911 spatium 13, 4²7· 41168-
111 71 11· 11 ’1111 ⁶⁴⁷· 11. ;1·..1’,1·1,1
' 1 · 1 · 1 ι
·ψωῄωᾶωψηψοωιψάωωῢ
3¹4 479 1791 417· 1951178111·
[amque 138, 463. 386, 1711911 71, 801. 78, 109. 6 . 7 5
374 . 113, 190. 167140. 193, .

 

