’ 101081331, 1

.10031“,

0110031-853144· 237» ⁴34·
. 380, 4²⁰
0133311011 175, 387

. clamantia 335, 665

mmmm

, clave 364, 336 ⁸

01313111 358, 1¹4-
daudere 96, 560

&ww
&223⁵ssss
0003111 396, 830. 413,

clamat 54, 361. 90, 383. claudit 13, 363. 39, Ι368. 334
103, 338. 133, 513. 150, 94, 303. 345, 383. 183, coarguit 338, 393

398. 358, 130. 939, 483
9161989198 3393 77
0133031156, 443
01011310 180, 533
clamauit 93, 47 . 301, 313.

110, 143133, 300
01331101“ 14, 303. 99, 633.

106, 38. 133, 333135,
‚4mffimum

387.¹ 355, 436. 410, 180

mmm.

0061111601 103, 58

0130313111 303, 69⁶·d 380, 0031100333, 433

407

0110133413, 386,

claudunt 211, 604
clauduntur 333, 419
claviger 437, 22
0133130303 305, 433
0111113011 443, 384·
01010345, 654

, ceae 303, 368
00610301 90, 386, 383. 335,

..377 <

wmmmmffl

mmmm

co'egu 139, 496. 330, 851
coei 135,.366 ·

0010111389, 659

0110101099, 630. 160, 630. clausa 183, 546. 333315 celestibus 364, 354. 4131

184, 663. 336, 389. 333,
430. 366, 394 339, 495.

clausaque 89, 343
clausam 130, 698

0081913, 336. 33, 394. 330

umwwwmmmmuwsumwffiu

0111030111)οε 193, 130 ’

clamorque 303, 636
,0130303 383, 611

· clangore 101, 303. 338, 538
Claninque 140,·’ 140. 353,
0108119140143

8. 165,,86. 338, 138.

mmmfflm
mmm'
01333101, 303
01310159, 633
claramque 390, 704
01331900 11,134. 380, 399Ι
01011140, 14
0133118303 134, 394
0113181001 339, 664
Clarium 326, 413
1 01330 63, ⁶²5· 109, 138,
113, 335. 138, 436. 189,
, 5. 368, 103

fflmffiw
43100133, 336

,0101001333435 31338ςί clypeoque 345, 133.. 353·
436, 613. 436, 3. 463,

0111111 61, 369. 308, 686.

Qffimmm
dffssmmwmw
10138081, 180, 3431. 381, 939.
0138883818 93

3

,011080 93, 449

0111110131 63, 554. 138, 646.

0138102311ζὶ8, 609

0130110900 224, 3ο- -
clausum 64, 641

· 0110103 338, 185
“ 01331 39, 3. 43, 1103 160,

013000111333,53 .
010100001601101358, 116
0100110133, 413

01110138, 131. 346, 694
01110900313, 151 “
3111310345, 6⁶2

Clymene 33, 363. 40, 33.

631 333
Clymenen 36, 356

111300001140, 19
clypeata 79, 110

wmmhmw

3⁶32 ²· 9971 76· 8761,

1961973, 52
clypeo 143, 188. 345, 140.

. 356, 466 ·

· 3⁷5

0113110.
clypeus 363, 631

Clytie 113, 306. 113, 334
Clytien114, 336 .
Clytii 140, 143

Clytiumque 140, 140 ·
Clyton 308, 300
0311011303, 531
coacervatos 33 , 485
003611346, 686 ν.

m&
0011900330, 334

· mmmm&

whvwws

¹wwmm¹

448, 301. 431, 818
celum 133, 339. 338, 181

ΜΨ

<unumque 23, 418

tepent 15, 031. 38, 86. 9⁸·
601- 12⁸, 449

003330 33, 403. 39, ud
¹872 7¹7· 2491 7⁶0

00303031 3, 7¹· 58, 438
63, 381

Qffimmw

0031110 333, 618. 331, 135

cupit 315, 315. 330, u}
uuffiawum
030. 318, 193. 339411
&mmm

00311900193,8

capt: 33, 43. 33463
ammwmffl

00910300 399, 413
0103130308, 190

cepti 277, 615

ceptis 3, 3. 395, 104 ,a

30009000
cupro 33. 403

0031011163, 398
11111111..

:obtabat 35, 433

'miscet 130, 336. 314, 38
0091000111 53, 433
wwuwm?

0131111308, 493. 335, 103· 0011111 1131 688( 8953 29⁵ ¹⁵9=⁶43

 

