VOCABULORUM.

² 490, 448 0454844488, 95 amabat 595, 7547 ·
. 4444463464674 6654464496, 5444985567. amantium 568 ‚
¹ msam, 374· 444. 364 ,433 434· 334. 476 384. 44444444 36. 434· 74. 844·
musta 406, 446 504 84, 495. 406, 44. 409,
, m 444. 433· 433. 484· 8844448836. 333· 437. 73· 434· 444. 634· 346844
· 478. 634· 476. 33· 436. 434. 333 44445444 447. 744 ³
589. 555, 604 My 500, 444 ιιι-4844455, 466
4004446144.. 445 Μ74 449, 595 unt 64, 599. 449, 448.
mutabit 484, 745 ι Myrrham 496, 540 455, 768, 774. 447, 2¹5·
4444444ὶί4444 599, 748 myrtea 540, 454 489565. 3²⁴· 546 .
munda 476, 598 04544444 467, 555 4444444 544, 55. 448, 555
,4044444048 547 4474444488, 98 matun 449. 854. 444)
mutant 434. 374 ’ 86484644 437. 46 , , 344,
4944444444 449, 597. 558, . narravere 448, 7²²
744. 447, 550. 445, 465 , N, nmit 457, 576
mutue 498, 470· 474, 455. , 44444484. 494 ·
433. 337· 4434348· 433. 7474857504. ,344κ 444. 7777 436744· 3664. 44 ’-
344 · ’ 344 47. 47 ·
4444444444 55, 794 Ν46446ε49444 7, 64 Naryciusque 455, 547. 440,
” ffiffse415921235902342q4 ffb& avgg. ⁶03. 4446664668 45, 447. 64, 654.
4444488434 334. 438· 383. 348· 338. 476446
44444444 84, 496. 474, 575. 904. 446, 774 nascentia 454, 765
433834· 434. 444 4488344434. 446 uasti 443· 433· 434. 373·
44444444 443. 463· 437. 467· 44844 38· 646 486· 634· 434. 448· 437. 333· 434·
mh, 450. 544, 500. 478, 475, 574. 558, 544 585 ,
667. 455, 659. 408, 454 mamque 45, 454. 449, 440 uastique 446, 455
mutataque 114, 470 18444603 445, 548 44646404 545, 949546
mutataque 504,487 nimum 774, 579. 464, 4446446ιὲ444 404, 448 454, ,
mutatu 4 ’ ·
muti 566 650 884644 54, 694 nat³ 48, 504
numi· 454, 456. 744, 8846644 476,455. 478, 656-Ι nm 2⁶, 482. 54765475,
640 , me· 54, 644. 94, 506. 858. 454, 840, 446, 495.. ·
mm ¹9⁷2 ²³3· ²⁶9» 393· ¹¹5⁹ ²⁴39· ²43¹ 579· 257· ¹54· 5¹⁶, 5¹⁸· 8564 5²⁴·
²73248⁶ 87. 504. 5¹4· 747. 49. 465, 4. 478, 456. 444,
4444444440466, 445 454, 786 85. ..8488
mutatur 44, 409. 445, Minoum. 447, 556 444070,595.447,444.480,
555 nem 5, 2. 444. 45, 485. 49, 504. 499, 590. 404554.
mutuus 445, 660. 457, 84. 548. 648 oliba 5444447147. 202, 569. amm 455,
509, 754. 405, 45. 458, nmque 20, 564- 54, 687. 504. -
· 46 744, 449. 230,241. 68 0444649954
muta-eranum · , dhi- 4444144408, 458 5
mutavit 454, 804. 546, 404. mdo 458, 440 natalibus 58, 497. 450,- 444.
43633 4444344. 338 3374733 ·
mutentur 444, 59 - nantemque 445, 954. 555, 44444444 448,484. 465, 485.
4444445468,547.495,455 785 - Ι , 5,58,474.ξ87,609·
444υυὶ440484, 559 - 4444443554, 564 utam 55, 65. 445, 5654
6644440474, 845 Nape83‚214 454444. 455, 575. 480, 4
4444404459, 656 · Narcissum 90, 570 540. 490, 3²· 405. 590.
mutua 54, 655. 79, 445. Narcissumque 89, 546 504, 474. 545, 574. 574,
494, 444. 448, 805. 447, Nudi-453, 598 685. 592, 749. 466, 7444
74.7-434.774 44433044· 443. 438· 4734 47364
mutua· 484, 574. 557, 574. 445405 mmmm 50, 584. 480,

73 . ⁰¹¹5¹35524³5 , 0 507·2⁶1,780
Μ4405414406454446777ο9 4444464444 44, 85. 85, 444. 0444364454,

6654464 48, 223 407, 686. 794, 404. 4485 natant 54, 4666 545, 856.
, 4444444334446 444. 436343 338833
449444664544, 54 uris 400, 675. 467, 444. 044744444444, 609

4644634488344463443 343433334343 4844444443434

mutibus

 

