⁹ 29922292922222,

69992 2Μ99ω9μψψωωφω9
offer 434, 842 · 62 266132699122. , 9992222 269, 672 ’
offert 32, 644 omnibus 26, 247. 2ο, 341.¹ operis 24, 443. 79, 229
2689ἰί92932, 286 27, 324 39, '¹³- 64, 639. operisque 294, 249. 243,
9591122266, 398 67, 724 68 21211792. 34 .
Officio 272, 239. 277, 422.- 92222211229232, 273 operes· 26, 238
figam& 744, 38,’ 489.. οἵᾜπὲξμᾎι. 13584, 53? gffiiffiffl’lg'
238, 299 - 88, 336. 263, 272, 433, opertus 238, 622
efficium 292, 337. 226, 826 opertum 329, 233
232. 239489. 298, 428. onerata 288, 292. 328, 289 operum 23, 469. 89, 247,
9Μ9Μ998Μωωω9 mwubffluoe
367 99222192239, 782 239 · ,
officiumque 34, 383 0992922299, 282 open 249. 97, 399. 269,
dein. 263, 293 onere 46, 263 282. 232, 844 326, 268,
0892262 287, 89 ouer} 64, 634. 292, 293 229. 328, 292. 382, 434. ,
oham 292. 229 musve 453· 292 492. 222· 222. 222
olentia 2 39, 493 onem 296, 222. 398, 678 opesque 329, 299
0712292 297, 469 ,92222982 368, 298. 466, Opheltes 98, 693
erum 37, 466. 297, 63. 299, 249 Ophias 293, 383
292. 294, 496. 244, 624 99229892 6, 33. 279, 673 Ophionides 349, 243
339, 398, 346, 17¹·41⁸» onerosus 236, 34 opibus 388, 626. 424, 383.
..68828888 ,2, .... 883888, ἷὲῗῗ ξὲἓ ζὲἔζ ,8818 ,.“, ,,,. 177ss ·,
mmmmm2mmwmm·w
m affimvmmwnmwmm
98822292, 276 . 623. 498, 249. 439, 738. 992122 8, 79. 229, 292 ,
618222 299281 472, 829 ⁷ 092222 273, 497 ·
olor 292, 372. 293, 379 onusque 66, 682. 224, 339. 972228 29224 ·
olorinis 266, 299. 399, 233, 323 opis 223, 644. 396, 643.
728 9792292, 438. 283, 29. 286, 333, 662
mwmwawm·stvmnmmwwwmm4
273, 498. 393, 762 498, 222, 97922292222236, 96 ,Ι
memmmvwmffim 0fflwwmm
Olympum n, ¹⁵4 opacas 284, 637. 236, 376, 9972699229 248, 333 ‚
ὼψὼωψωιωψωω pwmwumw
19⁶3 ²²5 ⁰P²⁸² ¹5⁴, 507 555
fflmwwzwnmwffmnmwmnmwmm .
212, ⁶21. 884, ς. 895, ⁶⁶3· 844, 240. 188, 700. 0323298229 293, ’379 433,
278. 399432. 348, 228 299, 39. 296, 299. 292, 768 Ι
omina 246, 299. 286. 7⁶⁶· 354· 227, 2,·2. 239, 223. 99998229992424, 47 .
429. 222 202. 222- 45⁹· 535 2229191 25⁶· ³4· 3⁶7, 73

,Μω9ψ93ὼηώωὼήθω9ψωω96

..437739 648. 32, 393. 6, 799. 997912222922932, 276
,3319992276 394 292, 729. 239, 696 236, 97722182 339, 284 Ι,
me 29, 229. 49, 49. 39, 23. 243. 223. 238, 628.,9ρ32228“2222992 338, Ι333 ,
260. 76, 331873, 379. 209,327.288,177.832, 9939222929 87, 299. 343,
229, em· 21262. 269, 279. 282, 774. 3 2, 239
omnemque 287, 79. 422, 342. 289, 672. 398,.8 9999229212 36, 738
224 , . 436, 40 ., 9327228288221227, 133 .
omnes 24, 299. 26, 242. opemque 69, 676 268, 9772239222236, 42 ,
221128’.2.22226”· 111111. 3³2⁴2·3²,⁸„⁰' ⁶⁹⁸·· 81881188 ·
omne’sque· 33, 389214,078888882209·8702171 088388883ῑ2 5⁸¹
⁶17 ⁸ ’9722222 2219746 opusne 282, 738
,mni 3, 34. 27, 262. 77, operi 264, 82. 232, 823. 9922961323, 299
8888888883666887, 356· 992229ὶῖ892ῗῖ3, 293. 236, 393. 8178888888 7288
emnia 4, 3. 7, 69. 9, 892. 451,367 optarem 498, 239
. ¹ Ρ 83 optari

 

