1 N D E Χ ‘
1511115961144, 6151 4151.,15445116 1616541,66.61,165 ·

’ ι15516116,417.164, 649.1151661519116561,511 adverso 71, 814. 144, 614.

444, 595. ’466,115. .416, ,6111116116491 4415441, 44,4, ,5, ·
6555557, 779. 783, 661. 66, 5555ξὲ555556 ”’4,”’,” ”” ⁴¹⁹ ³⁵¹¹
2

174. 114, 15114 ,197. Adoni 464, 544. 566, 661 1611156111 41, 71. 444, 116
119, 4145116· 6751 5095766 111166 '

- 471. 41, 466 4 771. 1611114114, 541 1516166414176
41111111111116111111111 111 111 111 11111611 11616

’65511446 161 796 166,94.147,761·· 15166161159, 649
aditu 99, 614. 115, 716. 1661156616 515 591 - 1651166116 464, 46

6651565156, 659 556555”7’6’,”1’6. 516 146. ”’55’1’,’5””’ 'lm-⁴¹
’1651161445 114 ’ 441, 546416, 466’ · 161151ιι’1’55,471.116,1’41.
1576651466195, 195 15611ῑὶ1167, 556 197, ,547

1576111116, 546 66511ηά1165 ,ο 516 1511111116 155 15
155611166,7 741 1551611611 494 766 · walterium 66, 545. 116,
1676161195,176.151,667 165616664151594 ·171. 114, 23⁶· 115,

30⁶· 64, adsciverit 461, 615 717

65611116116161,14 165161 · 1661111414, 441
adnatantes 166 661 16511 9561 166, 41 1511111516,194.166, 656
, 65611116651641, 644 16511 466 641 416,61’6
16165111619116499,914 1555116115, 646 1666151464, 556
1666116147,1691657615411,116 ⁴ 1661156 95,544.116,49ε
16111111111116111 16111111161 116141116111 ·
1516151111 476 511 1654565 161, 715. 596, 1151111661 56 479. 499, 944
1611551961 111, 166. 416, 6661661591ιί
1151515551 179147 466, 91 51555555 65755164 111’ 'aff ”” η’ ””
, ,1111555419519 16551145,147.165,19 1511111119,165.441,764
1561555616,541 1555116 6,611161911.·54 4.44 166596116516
· 1661555661196, 464 ’1 adstni,tt82 167. 518, 196. 1155116464, 646
dinatum 14, 116. 157, ’569, 115 55516161 116 796.

84 1155511651 16116 AEacidae' 456, 466. 4991
16165115161467, 664 ’ 1651141165111 · 565. 464, 5641661
amman 16111111 10 1111111 114 - · -·
1661661161911 119 664 4 6, 75 ὣ11156516,156

1516661111 94 566. 167, 414 1561111161 596 666 Α51156ἐ5116’7,471
66551550155555. 167 55566”5”1’6”6’,’5”5,’ 166 65 Α’565ω659”ὐ’ mm
46614 66, 615 ’151651611596646 ’ ΙΕ1151511114, 666. 411,
1561666556 61, 565. 4591551111 95, 561. 196, 49. 146.411,1141415,569,

,1515151119144 155651556’1’1’9·7, 146 655 ’ ”” ¹⁶⁸· ””

admota 416, 454. 461,161111116,4165 15511561111μ4465,44
454 · 1477747179145 AEacon 171, 444. 464 ’
’Ἕω ⁹⁰⁹ ”” ὀ”561111111”41’,’616. 176, ὧ1611167, 474, 479. 106,
1111111111 111 ⁶⁶0 · · 116111 1111111661
4494994191, 188. 449,1·516111111761464671 464,15 ·
3¹¹ 1611111111 66, 741. Ι7,6 Engo, 566
,61111141 111 111. 415 111 16116116 111. 111
416,114 1516611465, 719 414, 6315, 516. 464, 654-
45494445. 9··‚344 1156151545, 141. 565, 464, 74·

nmmum, 149· 541 edu 119, 464. 149154,
1566111146461194,154.1511151467 141,161.479, 1165661114, 644.

ι 147. 41’,7 614. 461, 5 5511511159, 9. -66, 416 ,
amq„ 186, 6519 adv ersae 419, 464· - AEgeu 171, 447
1611111 11111· 111611 1111111161116 4611111 61111111 661 w

 

