1N122x,m.

,. 3836721767. 227296,276. 266, 676. 272, 236, 363. 283632. ι
vuius-nque 77, 69 473. 282, 736, bis 357, 43621951.
vulnera ¹3¹» 727. 323, 326, 447 vultusque 273,
372 ι2ιι6222,6, 426 297, 339 328
vulnere 34 366. 77, 62. 269, 424, 364
226. 232, 722. 237, 62 22722 23 8,238 32, 276 37, X
¹39· 94· ¹⁴0 ¹4¹· ¹4¹⁸» 447· 327 ¹85· 9²· 45⁷· ⁸
888, 787 888, 189392 839, 8222ἰῖ 888. 33³ 32092888 Χ662227777772 82 ε’7
226. &ami- 226, 867 274, 326. 363,
minem 244 63 669. 336, 432
2212622622 84, 237. 233, 76 vultuque 378, 336 Z,
348, 267 vultum 27, 263. 79, 222.
227222·7224ο,233. 237,428. 268, 94 226, 329. 284, .42261228392,·29
226, 374 642. 279, 679. 293, ²35· 1926672447, 226
2722722666 38, 362,9 327, 264. 337, 739. 382, Zanclen 464, 47 .
22727ιί22· 233,37 443. 483, 343. 426, 367 Zanclen 462 3
2212222278, 87. 1 39, 94. 184, 476, 789 1691232249, 2 S
643 233, 346274, 339. 227122229276, 774. 82, 289 Zephyris 39ἐ,, 7264633
292, 289, 297. 339, 786 227222 32, 732, 738. 33, 1226377263
mmmmm mnwawumwssm
493 236, 683 273 ,39 242, 262226, 46
7ωψωωηΰῡύι6ψηωψψ·7ψωψυ

med 13 832 aad .. ’63 St. Jobn'bSqun, aerim:

 

