VOCABULORUM.

11111111. 111 1611111111· 161116 111. 111· 111. 111141.
41111413, 32⁶ ostro 111, 8. 191, 111 647. 410, 181

0110146, 160 othriadae 136, 371 8101118 439, ’333

ortu 369, 148. 439, 60 01617148, 111 Paeoms 146, 303

orum 134, 494. 13 3, 16 Othrysque 196, 113 Pagnsaea 181, 1. 364, 14
ortuque 449, 310 0461711347, 173 · Ρ1416111334, 411
11111111. 111 37· 17111. 11111. 100· 116. 111. 111· 811111111111111

43. 47, 190. 11, 617. 147,333 811111011114, 341 ,

119, 663. 178, 437. 309, 011 131, 138 8111181114-140, 143

79,·Ι ovaque 146, 667 8111161111 106, 46 1
0117711439, 337 011111113314198. 367, 83 palestre 171, 141
011741111134499.139,64ο oves 18, 304. 100, 311. 7181111177, 637
01 8, 83. 13, 134. 31, 303. 399, 917 1111118111 376, 308

11. 116· 111. 111 111. 111111. 161 8111111111 166. 16

433. 133, 466. 174, 354. 1146111397, 849 81411104111441, 130

1111. 111 111. 11. 57· 11111611116611.111 11111111. 111Ι 111. 111
· 1 ³⁰⁸· ’111 ⁴⁷¹ 1111111...

9“· ’1 “ ’ . 1
osque'4133⁵,'22÷42³4 Ρ, Palatinis 460, 360 ·
oscula 11, 376. 16, 499. . palato 78, 83. 349, 133.

19. 336. 31, 646. 33, buln 47, 111. 111, 4417141 .

111 11. 611 161111. 117- 111.-111 111. 7111111111.811111.11.1

417. 91, 431. 108, 73, 80. 111. 400, 943. 494, 43. 1111011111 130, 406

109, 117. 113, 111. 1171 418, 408 Palilibus 431, 774
333. Ψ 16617411. 7111111461, 391 palla 317, 166

0811114111 179, 479197, 711111611163, 101 Ρ11116Η451163· 1491878·
. 344383, 491 711110467,713 16, 36. 346, 131 ᾗ
116· 441 314. 409· ²5» 473· 8481811111 38¹· 440 1’8118688118 ¹⁶3» 44
531838133611160090. 7111111106, 31· hunde 61, 67. 71, 834.
398, 399. 113, 319. 119, pacaverat 104, 403 16043- 36 191
660. 131, 430. ι109, 311. 7111413. 70, 793. 113, ΡΆΙΜῙΝ 2312275
111811 161. 161· 111. 111 111611111111 8111111161· 111· 111111
417. 336, 707. 681881. 71111173, 838. 471, 811 8161601333, 360 “.
nmque 11, 383. 48, 183. 8116711148, 331 1111111 63, 671. 81, 167
301, 491 81167001331, 713 71111111 111,483. 186, 703 ,
Ossa 331, 319 ’ 7111811413191 8118ῑωῖ11414» ²⁶²
01811111, 133 71ιί1 79, 118. 139, 111. 80111611170,410.444,19ι
osse 111. 11· 111. 1111 111. 46· 111. 111Ι 111. Ρ1611111111 161. 1οο .
11661111. 161· 11. 4¹0· 161111.111·111.111 81611 ⁶¹· 111· ⁷⁸· 111·
.77. 71. 110, 443. 146, 7101811199, 306 Ι 106, 38. 137, 46. 147,
191.106,443. 336, 707. 710181101171,414 336. 161, 16. 164, 70.
111.111111.111111.111116111 111. 711. 111, 161.111·111.111.111
οῆΐιῖΐεητηῖοζῗο 714. 338, 71 44108, 91. 113, 7031 {⁸²:llleebn'enf25² 1³28 ’325⁵
111· 161. 611 111. 111· 1161111111. 451 11611111. 614
4118, ¹37 , 7181. 149, 114 711111110180,311. 336, 691
ostendere, 79, 111. 390, 683. 3111814111 181, 711 741111411131, 111. 367,
448194 71010411316, 133 74 Ι
1181181168, 363 · 68071, 818. 318, 104 1161111151537
06110181176,403.136,386 1611101116116 1111111161 101, 343. 316,
0611161119, 319. 66, 697. Ρ168010119111314, 87 143
110, 430. 133, 470. 141, 1661113618. 116, 746 1118411 111101» ²7⁶, 380
111 111. 111· 166. ⁶0· ἲ8111111. 166 1111161111111.111
181. 611111. 111 111 1111111111. 111 11411116. 111
0886615111 378, 331 ἷέἓῗιιξέἱ. 14353 . ghfimffizfogn
1111161 111. 161 1111116. 111· 111. 611 1116111161. 111

811 Ι 11111

 

