1116111

(0118888876 111 serprre 71, 816. 341, 13
6146111118, 531. 31, 6431611711169, 389·-

611ε4111414, 365
61111136, 383

58, 498. 61, 576196, serpunt 166, 665. 116, 6111511136, 376

’ψηηπύψηὼ Q
515. 185, 666. 147, 711. 61111136, 146
, 357, 8. 168, 358. 171, 6111141,18. 164, 7. 148,
⁸ wflffi mmmmwm
6146661461 31, 643. 111, 4361736
&mmo was
614161189, 11 · serus 73, 867. 164, 138
sequuntur 161, 716. 105. 6611154497
754134, 531. 313,-31 . 61161616131,617
123453⁶21⁴9⁴⁴' ¹⁸³ 88886888,

8 8
mwwww mfflmm
6111161463, 651 611146611196, 39

· 6471411463, 617 66881686841738388 1
611164614517384 6111116111 395, 14
61116614, 168. 51, 311 6166681119, 647
[αἱ 27¹¹ 434 611116611631, 614
seriemque 441, 151 6111661467, 736
61611365, 19 611116111111, 616
6161461115, 564 6111111611 34, 684
ferior 474, 868 seruantis 198, 383
Seriphi 144, 141 6111111381, 480
Seriphon 144, 151. 167, 6111111165, 386
m mfflw
61111161, 19 (1111161115, 716
6166461167,138 servat 15, 137. 114, 176.
6111111168, 165. 111, 198· 158, 631. 114, 69. 163,
185, 33 117. 165165. 741,13.
4 . 611863, 611Ι 346,,1149. 469, 163. 431,
6116411119, 415 766. 449176
· 61166461451, 384 6111111131,·763. 136,14
611616 178, 44 . 368, 679 6616111136, 15. 191, 56
. sermone 14, 168. 34, 683. 6111116167, 348
86, 179. 89, 364. 116, servatoque 145, 649
39. 176, 418. 317,174. 6111166338, 756
346, 159, 165. 468, 6611161196, 56
111 · 611111116416, 475
sermonibus 167, 147. 113, 611111111396,856
, · 661.114,679.145,651“. 61111116166,538
341, 56 6611111191, 94 8
6119161 14, 476. 46, 173. 611111664111138, 459
76, 38. 77, 61. 78, 9. 6111111111138, 459
117, 361. 166, 114157, 6111118461367, 76 ·
69. 165166. 186, 695. 6111161316, 465
334, 639. 341, 17. 467, 611111316131-
737 serviet 396, 816. 471, 831
61191111 15, 454. 464, 6111ἱ11381,466
676 61118117, 516 .
serpentem 78, 98 611164116110, 563
61191111861161, 356 8111111175, 16,
6119161141611196, 111 61116611 471, 818
8119166114, 447. 64, 651. 6116111376, 197
’ Ι78, 63. 96, 545. 178, 647. 61116116, 741. 586, 591
313, 59. 34663 611161116, 741
,6119166116 76, 771. 88, 315. frte 36, 759. 131, 185.
&mmm mm ·

6111316 413, 189
8111181111» 549

setis 137, 418. 396, 846
dfflfflmufflffi

161,1ο, 13. (θ’ alibi.
61111885, 154

Ι 6114618. 113, 416164,

72· [θ’ aiibi.

6114111173, 197
(exangula 451, 381

61111111, 11

'mmm

6 18, 188. 16, 358, 361ΙΙΙ
ψψωθω
41811 plur.

661 5, 17. 16, 156 β111, 786·
plur. ι Β ‘¹¹3⁸ μ

⁴ 6611176, 38. 111, 494. 334,

Μῴωηω
681111 416, 589. 3501179
fic 4. 16. 5, 31. 647. 8, 87.
68 dibi 4181131141.
swwmuwu
714.
Sicanias 447, 179
611148, 118
6116411151, 178
ficteque 56, 161
6111611111 339, 776
61111139, 11
mmmm&
1611157175. 174, 341 .
carosque 390, 696 7
6111111118 168, 81. 136 }
Mwmww
sicco vab. 399, 937

ficto adj. 367, 654

6111646173, 876
6111161 1061 661
§rennues 151, 411

. Sicula 232, 183
· 811111461463, 7

Siculam 394, 676
Siculo 191, 65
ficut 18, 376. 158, 618·

, 171, 244- 1841 61188·

mmffl
Sicyonius 83. 116
611117, 71. 11, 153881.
1ω56ῃ16ῶ
58, 568. 67, 711. 1881
16ψ66ἐ

 

