’11101111 · , ‘

9119111307, 658 91061111 184, 658 , 11541
, properabat 116, 513. 191, 9106111515, 385 proximor ς, 18. 91, 411
113 1116111111 111. 111· 441» 1111114161111111
9109111011185, 33 171 , 158 ·
9109111161111160, 145 91061111354, 390 911610189364. 469641
9109111111 44, 118. 319, 91060159519. 365,19 91160161347,178
48⁶ 1116116116· 1111111 . 111111111113 ,
9109111111611100, 657 9101101100651 , 11111111991168
911911111116, 138 9106161475, 841 pruinosus 108, 81. 151,
1111111111» 111· 1111111· 11111111111411» 111 44³
600 91069111410, 179 prunaque 146, Ι675. 335.
-91091111187,196.185,31 prospexit 174, 343. 130, 817
properataque 468, 748 1 7 861111610316, 398
⁸ properaturo, 101 9106111011141, 573. 316, 8611186171
r 910901161176, 586 19. 471, 836 ‘ Ρίο96161911158,607
properatur 1501 396 9101510111ῑί3 431, 761 81111111 8 3, 111
r 910911111197, 150 9101616098, 604 Ι931611 191, 56
91091111113, 647 prospicit 47, 190. 134, 530. 916111140, 35. 174, 351.
1111111111 116. 111ἱ 111. 117111 116411· 14111 eu.
' 713 91019111101147, 697 188
r propinquum, 190 910601611135, 361 pudes 36, 758. 111, 611-
7 91091141011159196- ⁶ 9101511111 141, 197 174, 530. 193, 117. 411.
‘ ¹¹ 1111101 1. 1· 111111- 101111111011 111
1 * 110, 5563. 3301, 460. 586, {rosum 18, 306. 17, 514. pudetque 198, 371
’ 578 bru. 48, 114 111, 193. pudibunda 183, 604. 175. Ι
- 9109101413 96, 541 191, 189. 357, 501 567
91091011140,11τ 278, 667 Proteaque 39, 9 . 916161161911 90, 393. 1551
· propioraque 52, 303 9101161164, 635. 350, 173 411
propiore 47, 107. 9ο, 371. 9101161111 351, 351 9161111115, 715
111. 111. 111. 111· 350. 11111611 111» 411 ,1161116111
184. 463, 657, 638 protegar 136, 394 9116110186, 181
propioris 111, 101. 157, 91111311907394 137, 46 91601 10, Ι119. 31, 616
598 9101116111410,191 · ’ 619. 83, 105. 194145.
9119161337, 711 Ρ101111011139,98 174, 514. 194, 141. 413,
910911141140,41. 58, 503 proterit 70, 791 18
1091111611 193, 111 91011111404,65 pudorque 191, 71. 131,
Propoetides 194, 138 ¹ 9101111160, 670 317
1111111111111111111 11111111 141. 111· 111. 11111116. 111· 16111
1111111111 111. 411 111 111. 111· ¹⁸¹, 111111

9109061111 81, 158. 198, Ρ10116116543, 68 . 567116, 748. 318116

176 81011114 ,ί 731 ·376, 307. 414, 571
910906111191143, 104 8101111319, 111. 310155. pudorem 31, 600. 61, 511·
propriique 31, 638 ’ 399918 163, 616. 1167561111
proprius 159, 638 ¹ 9101111110, 116. 17, 161. 157176, 577. 306451
1111111111. 110 . ’ 111111 11. 611. (6116 111111 111· ⁵²⁶· 111181
propter 131, 151. 171, plur. 111516190411

436 · 91011111111138, 460 9160111 57, 450. abab
9199161143, 593 91111161178, 90. 95, 516 9116111155, 31
9109161135, 540 provida 115, 711 91111156, 436
91011409, 164 ’ · 91011611341, 18 9111118306, 611
3101198, 617 91010111356,461 puell: 553 711. 67, 51¹·

10111199, 634 provolvi 143, 86 ’ 391 3681 355. 171458
9101191911419, 448 proniora 7, 64. 46173. 180,711. 195181
. profundere 193, 119 341 ²33· ¹²42 588· 1681 ΡῊῙῘἏΜῚΞ» 848

. 9111161 198, 171. 346, 113. 135, 347, 387. 136, puellari 150, 339 305·

8166619101 150, 391. 154, 6ξῖ ἒξ 93546164δῖ 63, pumen 153
Ι 5051459530. 156, 554 96611861 91111’11“107,56 194153
rubrum 111. 113 ,· 1111111111 1111 4411111. 1111111416 err 11113·
Ι

 

