‘swnnxff

, 1181 101, 6911 170, 109. 1111101151, 187.157, 419. 188151ὶῇ510.
171,174. 198,160.111, 189, 111. 555, 577. 554, artusque 145. 654
591. 148, 740. 551, 584. 596. 557,491 111151, 598. 65, 675. 79
uwstmmemffmmo 7wmmupna
..11..,,..., 1,.1111111, 151, 11111, 1111
1111111507, 655. 515, 111. 1119111115, 558 550145, 584. 189,1ο9.
, 3831 611427» ⁶43· 453· 111811191459 888» ²²9· 3¹²» 1111
598 1111511 158, 64. 186, 59. 110. 548, 109. 416,
1111819, 110. 16, 491. 178, 5791586 410, 459. 411, 511, 515.
Ι Αῖῆξοθῐὶἁε 311 ⁶24 :glpgi ¹;g§,²{;4, 252· ³310 Ἥξὲἱεῑέ ξέ15 4790 ῥὴι
nm: 10, 116. 11, 145. 61, “ 557 · 1111119, 515.75,10.146,
605. 79, 115, ¹27· 96, arserunt 186, 708. 550, 501. 111, 658. 118771
111· 117, ⁶09· 1111 275 227, 161141. 180118
158, 1.139‚ 101141, 1161811140, 501 196. 447, 176. 449, 515
195,“ 1661· 9181117111, 116149, 148, bis. 87, 509. 460, 554 ,
1011910111,11.556,468 105, 594115, 50155, arundine 15, 471. 55, 707.
111111116161518, 456 55140, 514190,156 149, 584. 175, 584. 119,
ar‘¹¹²¹¹‘¹¹‘l¹¹‘372·²¹5 818τί’8751276 , ²¹7· ²34· ³37· ²54· 3·

·' 11118111 561, 614 1181110451, 747 “ ¹ 158, 100. 505, 516. 515,

» 11411101111141,165 , 191,189.510,“141.451,18116111111η7

armat 101, 547. 58 5, 544 111110165610 154 515, 515. 599, 915.
1111111175, 849 arsurusque 49, 145 415, 598. 417, 651
11101111141,199 arte 21, 580. 55, 709. 66, arundinibus 54, 684, 518,

1111110911505, 540 686. 81, 158. 111, 185. 1190. 594, 784
Armenia 440, 86 146, 510. 161, 8. 195, 10106818151,856
. 611118111115, 111 176.199,505.194,147. arundo ¹⁶3, 55. 156, 581.
inuenta 17, 515. 66, 691. 151. 510,155,156. 519 598, 891
11. 185· ns, 611111 494· 171. 1214111 171 ¹⁰⁰ ²⁸· 111· 10881111
197. 156, 48. 511, 176 11111181, 158. 97, 588. 71ρ195, 119. 507, 647.
amentaque 176, 595. 440, 111,19.191, 181 3451157
84 1111117, 514. 65, 618. 6411111111 191, 101. 441, 115. ,
armenti 155, 881. 505, 541. 65865, 659. 110, 445. 4551443
,514548 168,151.194,158.110, Asbolus 85, 118
ι 1111111181 110, 546. 141, 561.118,188.119,115. Ascalaphus 155, 559
554 150,154.151, 866156, 68111ἰὶ415, 609
111011045714 61. 157, 66. 180, 718. Ascaniumque 588, 617
amentum 71, 841. 515, 560. 457. 484. 461, 619 1816118ἰ1196,110 ff
571 artesque 145, 171. 191, 58. 111111517,179
armet 410, 464 195, 195 asello 106, 17
nemi 508, 700 arti 161, 18 68111 585, 484
111801419475 artibus 155, 771. 181, 8881159, 648
amimam 743 . 6881170441
1111111511 140, 148. 555, 11601101150, 807 Asopiades 108, 484
565 1118611111 185, 615. 554, 654. 1181ρὶ61166,115
affligere 81, 166. 158, 585, 551 8848601111ώῶ
’ 619 1166111445,118 18996881455,844
· 111151111911451, 586 1166181517169 asper· 54, 155. 590, 701.
mis 11114011. 45⁶· 732 1181111111. 398 4212 1461. πο
854.177,414.185,678. 111113816781161,.6.117, 1851111 17, 510. 164, 76.
106, 458. 110, 865. 115, 159. 515, 514. 554, 641. 110,·556. 195, 111. 519,
59.156,594.8811όὶ91.111 Ι 5751906 μ ΐ490 . ἐν
1168860171775 ἰὲἳὲυῗςῖῂυξή, 548. 55, uffa? 15517ῗ7179ἓ 195,
11118111161,101 , 556. 65, 610. 76, 4081, 10 .519, 498. 451, 796
urm 84, 155. 151, 719. 164. 106, 16, 45. 115, 185115815740
, 171119551, 501 147. 115, 186. 116, 5110. 1651601595, 805
1511111111 141, 154. 589, 657 119, 407.. 159, 96. ὅ 11’51111111181,751.413555,1

 

