4446444

63344366, 644 θῖι346. 463, 77 0744444436, 767
6344444 43 666 66.3ς 704 (6467463644 64 433
63444 46466. 34, 36. 463, 6444 633, 463. 366, 0466646437, 463
offic 67 437 6464466666ς 436 3993643664,σῇ 343,33
634464 4636, 33 6444676 476, 443 0444466444 63, no
6364346, 44. 334, 363 64444437 764 463, 74 6446444463, 6646736733
7777473. 477447. 747 77677. 77 446, 766 474. 444
77777 444 776 474· 47Ι 744 477. 444 7747777747. 76744476.
6344444 343 464 466, 436 646446. 447 , 64446444 444, 44
63646 3ι6, 436 64434446 3, 3. 43, 466
Ι 6344443443. 446 676463669666 434 43, 443 444447
· 6344 44 446 346. 634, 363 6764464 363 366 167, 667. 464, 7414
- 634444 66, 466 67644444 33 334 ⁶⁵⁴9. 3ο6,647
74464764 444 776747· 46 447· 47. 344 77476· 76 764 46.
63444444, 467. 436, 364 73, 6. 447, 346. 446, 6.66 3,. 336 474.
63646747. 774 ..466 474. 744 473. 474. 44 44464 447
63444474 643 644. 367, 643 36. 663, 677. 664, 746. 367
474. 47 474. 774 447. 474 444 447. 47 444. 07744677.
34 97- 406. 53· 428, 666. 0446444646.
6344646446, 647. 464, 363 443, 477. 474, 663 0444463336, 634
’.444 ww ...44774 ’.47
7777577. 774 44. 4 ·.44 47. 74. 777 47. 74· 474· 777. 77937477
· 223 ἔὲ 46 ..664 {35 ⁵³11? 666666 2³5: 64 {⁵2 466
466, 33. 444, ,473, ,476 6464476, 44. 464, 43. 636, 467. 636, 7636644
4ξὲ 6ὲῖ 6676746· ..6 66·ὶὲ ’6364 23³5 6666...
opusque 43 444. 463, 43 363
344446 646443, 33. 44, 663. 46, 044 5³³ 463, 663. 66
6446, 33. 43, 464. 47, 664. 346. 36, 746, 433, 463. or⁶55
77. 444· 7646476. 446 764. 77 ¹9¹ 44 774. 0776764774. 744,
36 44, 446. 34, 46 3, 466. 4634, 666. 466, 46. 0440744646 6767

74 47 474 44 334 447. 777 447. 744· 444. 777747. 77444444
36, 464. 63, 66437 433 6444346443,434

7, 34 67, 633. 36, 333 6464464463, 36. 366, 647 6744464644 37, 334
&ms-1149 unp! 646444 433, 346. 433, 467 6444464466, 463

enqu7e 6,.634 64467. 463, 044. 44444446, 446 7467443346

434. 444, 646 434, 446. orchomenon 436 667 746446 343, 33

47,6 434. 463, 664 636, Orchomenosque 477 446 6444464436, 733

463. 634, 644. 433, 634.“ 04444674, 446 · omnm

344, 344. 333, 444. 464, 643464 43, 463, 46, 466. 7764344466, 464
64456666 446. 753· 677. ⁷⁶29?ss 36363. gg· mffl’njgfflffl
6444 44 43 364 646, 463. 436, 363· 443, 466, 646, 636, 33336
7477717 77. 747.- 76 477· 747 74. 4· 777. 447· 477· 447. 747

74. ⁸ 474. 677· 447. 474. 467 ³³⁸· 744· {stow 07777744. 746
...44. m 26 6666. 6.· ..3. '⁸⁴' ⁵ ''¹''
64444444 466 764 64446464. 4366, 464 047644 376 44
matut, 74747. 774 777744. ¹0³ 447. 744. 0447674474. 44
orantem 473, 364. 667, 644 64, 366. 36, 637. 46, orpheus 666 63. 467 9

47 ⁸⁵ 46. 747 76774 77.. 474777 44447
«4443636376 474 76. 66447. 34, 434 466, hnc 433 333
mmmmm. 466, 47 464. 466, 466 464, 473 6 6467, 34 44444 64
om 36 733 434, 763 446, ,4431133103 646 , 366. 4463664ίὸ
7777 46. 447· 746747 ²0⁶· 144. 744

463, 464. 4,64 6. 334, 77777778 64444.44,467 46443.ω

 

