VOCABULORUM.

3313 417, 999 , 1111111117, 766 . 1141110411 119, 668. 470, ·
33 148, 999 190, 1111161107, 98 796
cinxi 5, 39 1111111060111191, 719. ι,
1149, 981.149, 746. Cin3·'‘p ιιι98, 171 111111111111411, 907
,910 0119711111 140 114 1111119188141, 171
149, 170 Cin ιιιι78, 980. 901, 464· circumspexit 116, 918 .
9644191486 0111111197, 998111. 111111111ρί01 49, 99 91,
3in3322 333 0133313 18118111. 343 ιιι
111 199, 109 900, 498 111111119ιά1 94, 609149
ιιιιιε ιιι. 233 881118111. ιιι ιιι. 33⁶3 3⁶3· 181611· 118181
ιιιιι ιιι. 134 3⁶1·¹ 3013472 461. 338
ι11111149,109 ι. 01171111198, 969 1111161199, 994. 67, 717
11113999, 441 011711111919, 711 89149
91, 841 01771461,,9.81461, 617 11110081111191,441
1 114, 161. 418, 61971461, 980 111ωώ111990,909
(3199111460, 969. 461, 609 thummim, 187
,1ο.9 .456, 476 1111191, 411. 101, 668. (8110116118169464,
91,816. 191, 898 3333 619 674
ι,1179 480· (81111411, 197. 416, 948 circumdatus 411, 169
111441, 198 (3111110414148 ' 1111101611 67, 719
355, 991. ·45⁶3 468 ’01111409,19.414,9’11 116161, 994
69, 661191, 841 Circen 419190 417, 976, 1111461791
ι111444 ιιι 4811411810
14449, 919 Circes 111, 109 401,968.0111111011 48, 119101,
1016686377109ιι,9’ 6661146’441’;5’1964” ⁷¹⁸ 1861061191, 1760. 711, 18.
1111911184, 3 1111111167, 711 917,171946,197
119, 909 11110944, 101 66161199111. 147, 991.
19, 661 , 111118111448, 190 189108
48. 213 ιιι18818441. ¹33 · ι8888411141. 313
11111 999, 33² 1111111111 149 748 181196, 961
1167, 3⁶3 circuit 55 401. 19, 103. 11111909, 991 ·
94, 699 198198 11 1181111, 719. 199, 699.
111909, 530 1111111141, 81 110, 964189, 99 ·
7111 191, 64, 94161111416199 916 1118176, 986
1111111140,40.111,499,61101110116911
91116999198,619,617100,91911611411861193198..
8111111111 11⁶· 337, ιιι 33 ιιι. 3⁶3 ιιι. 3²⁸
11191 6194117 74. 741, 16. 991, 335. 355
141118. 2413 33⁸ 35,523. 3333143 8114141181. 84
ιιι. ..ι ιι ⁶23 ιι 11141114...
,.998 981, 416 414, 1191111111 997176, «iven 333, 618119, 116.
” 04 3²
387. 6ι9. 990, 699 1111116191, 691 · · 41111Ιί184764 891
11119, 97. 70, 790. circumdat· 91, 171. 111, 111111911194, 141
.ιιι 1⁸¹ 88181444108818141141141·
1114, 491 167, 117. 179, 910, 916. el5685,5
3150 988 1144611988, 649 1611111485, 999
111996 emundet 171, 498 111111141191, 181
tibus 94, 910, 101, mia 3554 91999144199601, ..989 906 ·
1187, 718 circumfluit 77, 74. 994, 1ὴ61814’915631, 176. 986,
111. 18 ιιι. ¹33· 373 373
,·919 »1111111116ου 9, 9ο. ·467, 11161181, 191. 184, 694.
146418 181811· ιιι 114118411141181
.ιοι 18118 ⁶0 411· 41111
1109, 911 ⁸ 111111 968, 109. 981,
88458199 , 43²
11911196, 908 1111141111 179, 333 .
Κ k3 31333333

¹ 3

 

