11011

ponere 41, 401. 117, 641. 787, 614. 477, 481. 467, 787
447, 694 749 70111114 174, 778
760 178, 460 7070117114 174, 467 ponat 701, 4·0. 774, 785
, 7001171, 804. 77, 871. 117, 7070614170, 779 , 70110001101460, 771
745. 171, 777. 147. 710. 707011147119. 169, 179. 7000011189οι 404, 77
447, 160. 118, 189. 479, 409, 717 70111191,449. 744, 47
474. 447, 661. 474, 544. 7070111900 44, 479. 167, 91. portitor 187, 77
ηωμψμωηψι mssmmffi
· 477 707010 16171. 79,116. 88, portubus 329, 474. 771,
7000904471, 478 740. 140, 444. 170, 198. 710
mmm‘ mmmmmwmffimum
’7001101 179, 489. 446, 697. 468, 776 171, 408. 1784491941
664 populoque 460, 774 178. 144, 7. 719171.
ponti 18, 709. 77, 874. 176, populorum 407, 481 791, 711. 4101714171
18. 149, 769, 770. 747, 7071111411, 767. 49, 176. 690
770. 746, 797 747, 447. 74, 770. 7ο, 797. 149, portusque 108, 494
mmmmmmffi ummwumuwmmuffiu
7066611469 767 ’ 668, ¹4· m, ⁶⁴5· ρο, Ξὲἓδέἓὶπ 677
7001018491. 4ο, 777. 71, populosque 464, 679. 171, 7010461101560, 178
474. 144, 776. 170, 089. 174 70140000767, 87
177, 441. 401, 777. 710, populuum. 177, 790. 704, poscenti 117, 774. 117
y 70616611 319060), 86781 31918497069. 77756161 vulgus. 777, 740. 7013161601 117, 74
Qmmmmuwmwmwmmm ,
ςήωὼοωψὸώ · fflwuumm
469, 776 7070101900 706, 678. 418, 77
7001014, 17. 18, 191. zu, 418. 477, 486 7 7016111101 447, 708119
· 66ῗὲξὲ 85ξ6.176439,.1411)ξ’ ffiffiqqufflf 87 7013161 47, 99. 184, 675 Ι
mmmmwuffimwwwmm uumnumss
mwmwmm1mmww ²wwmumw
pontusque 147, 98 7011417001 94, 471 114. 7 1, 741. 414171
. 701001 18, 700. 77, 460. 70114111 77, 767. 198,174. poscitis 461, 609
mmmmum mmmm mmmmmu
w3 mwmms fflwmnuww
7071141171, 476 7011171101167, 747 107, 487
7091114 177, 797. 177191. 70111771ἰ191,478.111,199 7014111417, 776
477, 704166, 490. 701, 70111711 47, 197. 77, 861. poscunt 189, 7, 706, 671
uffmmumn &mmmwm mmo
7071111001 701, 597 744. 467, 741 poscuntque 252, 141
mmmmmwumwummmssmuumwss
²52 , 3⁰¹249¹ ,3241 7⁸3· 437229
70704101 69, 779. 170, 70110 444, 87. 487, 17 70111176, 3²¹· 7746111
,uk uwwmm7, 1100108
7070101180, 706 · 7001610167, 717 175, 766. 46916818
7070141010 464, 161 portabat 3⁰¹2 481. 417, 647. 776. 433, 806
’ 707011011116, 449 471,747 posuique 18, 777
707011017- 71, 719 porta· 111, 607. 471, 787 706110 4ο, 26
70701114· 717, 74 port-unu 194, 177 7081141704 43, ¹⁰9· 273, 717
70701111· 744, 111 portant 418, 419 439, 59
70701401 70, 777 portante 186, 67 pessumque 59, 754,
70701701 168, 1501 408, 7010014177, 788 7011111001117,777
73189188· 8181, 33:5333343450 1318171 {3²23 11178,
6·-· portas 96, 760. 110, 49. 714 ’

11136 78, ¹0³· ¹92» 10¹· 223· 41· ³902 ⁶⁸5· 4212' 7000 117, 17. uzu 18

mwumffim ff stmumw
198. 768, 117. 771, 191. petrasque 184, 597· 461» 7060701788,6,-8

5

18

 

