11111·’

attinxit , ,, {emit ,11, ,tn }}'=›²2⁹⁹²⁹‘- ᾖξ’, ,66
Ceraunia 465, 714 415 (1111191145, 67 Ι

6116111161,165 cenam 196, 517. 517, cervo 16, 516. 595, 616
Cerberei 115, 511 156. 571, 159 11111169, 556. 456, 475

’ 016111141465 1111111151,1,.141,514. cenum 169, 111.
· Cerbmnwnm 16141· 52· 164161· 116

(21161111111,45ο 111, 11 cervus 64, 159, 155,
&monis 115, 459 , certamine 14, 446 1465 511. 169, 111, 119. 511,1
6111111146741 161, 665. 165, 91. 116, ces 514, 556
cerealia 11, 115. 516, 111. ¹7⁹2· 151, 795. 514,“561. 11666156, 417. 116,
. 5665659 5495611551, 514 1 1, 755. 1979141.
0111111115459 1111111111 147, 5571 14, 1 .579,595. 5994
α1611111161 16111114· ⁵⁸4 1 461111
cerebrum 555, 455 19. 56 ,11 cessante 577, 516
cerebrumque 549156 1111111166, 5 1166111111 151, 44¹
Cererem 151, 191. 156, 1111911561, 616 116161151,.178
716 tutare 141. 116· 161. 11· 11611141 111. 61,
Cereremqut 151, 765 · 451, 794 ’ 1161111167, 61
Ceteri 155, 555. 151, 174. 1111111146, 516 (6166666551 13· 576,561
441111 1111461, 641 ttffmnt 1. 11 414. ⁸⁶²

. cerens 91, 457. 146, 545. 111166156411 (16661 145111. 451, 71

-149, 576. 151, 415. 159, certat 151, 594 cefflt 149, 566. 194,
655. 151, 614. 167, 74. 1111115111 591, 715 516, 145. 411, 516.
· (3113166646ἒῗ5ξ65616η {gtffiqsuse’gzae 141 Ι116ςί6611 1591117, 116(
cen-s 146, 541. 156,Ι 571. 111111519519, 556. 56, 511
161, 661. 171, 411 · 415. 6ο, 5. 65, 166. 11111,155.15,4111
ceris 116. 195. 146, 671. 91, 455, :libi 5116117141. ,111,111661911617111.
111146 - 11111411· ³0 Ο4111111114- 111·
tanam 564, 516 1111615645. 591, 711 -v 1111717
1111111116, 37⁶ 1111111415, 191 Ceyce ' 518, 461. ξ
11111411,14.4 1111Ξ1’7,69. 61,175. 176, ,685 Ι
<erm 1ο. 787· 111· 411 114 “ ,01101 3³¹2 144· 1111
“ cernentem 111, 711. 1971· “1111181552 519 1111611611
96 1111141,67.155,551- Ceyx 511, 171. 516,4

11111111Ι 111, 195. 145, 11111165, 666· 3591 5⁶4 1115611111111

25⁹ , certum 111. 111· 411111· Chm'eoque 392, 7¹7
11111144, 155. 471, 619 . 3166, 56 0611111166, 9ο
cernimus 556, 511“.· 454, centumque 356, 466 0111111141,165
Ι411 certus 111, 156. 917, 0611911417, 414

- «11611414111111- 440 · - cnm, ⁷· ⁵¹· ²⁹⁹2¹

116, 756. 155,17..549, 1111117, 515. 111, 546. 51

88· 4141444· 414114·- ,111114141114 · 061141· 111· 27²
444, 166 111111 164, 656 01141ιεί1 64, 656

cernit 7ο, 7961.Ι 115, ’111, cervice 16, 465. 51, 651. 0611111574, 161
1516111151549151. 56, 411. 75, 16. 141, Charybdim, 75
561, 611 159. 171, 155. 196, 116. 064176111191,65.115,11
cernitis 469, 776 , 149, 764. 156,61. 195, 591. 751

ε1111114.1014111414 111- 304» 116114· 111· 0611166118· ι14
cernunt 161, 541. 511, 4. 516. 415. 465, 696 ι’ὴ1166111111111574,157

, , 511, 45. 461, 616 cervicem 156, 57 , 0111111111 176, 646 ,

<cm 20, -557, 2 , 456. cervicibus 16, 541.151,717. 06ξ11111661111174,5“59
17,·519. 45, 91 {in 119, 1695175 011666ῑ36313ῦ1

116·Ι 115, 574. 146196. 1111511159, 111 66111111 111, 116

174, 555176, 59917, 11111111 161, 591 Ι 6111111111 65, 651
665196, 594199416. 111111115,711 r , chlamydem 157, 51. 61
309‘2710· 141161· 411. cervix 7²³» ⁹2· Ῐ41· 217· 141

,56 2 175, 516. 151, 164. 15, 16114196111511 661 [³1⁵ u

 

