⁹ 466646464644.

mm ’ mwmnwmrwwmwms
mmmmmmssnz · ffiwmwmw

484, 584. 454, 855 Mean 489, 44. 496, 44. 554, 596. 568, 444 ·
aunum 468, 455. 496, 56 494, 76. 498, 457. 499,Ι 4646466474, 546

ψωὼώψιωωω ”meu

745 , medeare4033 45 46664664 68, 759. .4, 544.
64446449, 485. 454, 494. 6464664469, 546 466, 44. 454,,469. 459,

465. 484. 485, 56 ³ 464646464446, 564 644. 465, 56. 465, 454.
.. 4444444444... 44 4444· 444,·
mandor 576, 566. 446, 46664649. 454, 755 , mediumque 446, 467

647 4466446564. 76, 45. 447, 46.-6664 46, 54. 456, 564.
4644646 479, 684 544. 446, 458. 445, 467. 476, 469. 486, 695. 464,
4444464644 548, 494. 445,, 466, 566. 964, 565. 594, 945- 448, 484. 496, 444.

m · nmmstffim mmmm ·
maturus 495, 847. 444, 647. 464, 46. 444, 576. 444, 4646466966 489, 446. 594, ,

545, 544. 445, 446 489. 448, 494. 467, 744. 786 r
4444466448 544, 46 475, 845 4446646644 555, 594
6444664446695, 488 . mediique 564, 494. 464, Medon 466, 674. 554,
matutinis 7, 64 59 565 .
Mavor=223‚51.433.806 mediae 459, 444. 495, 484. 464 ulla 454, 744. 564,
Mavortia 95, 554 544, 485 494
Mavortis 464, 76. 494, 464. mediam 555, 589. 454, 9666114445, 475. 446, 554. 9

nav 46 -78646664
·Μ66644444458, 457 medumque 4, 565. 464, me 441844 464, 474. 475,
axius-19, 544. 55, 547, 656. 465289 485. 466468

65, 674. 85, 465, 99, medias 59, 6. ο, 444· 468, Medusa 454, 784 ¹

644, 644. 445, 549454, 458. 488, 495. 569, 747, Medusa 449, 655. 454, 745.
8

567. 466, 664. 4 54. 446, 484 454, 785. 445, 447. 444,
,6696 486 Β aubi. medicabilis 47, 545 446
ωιίηὲψ498. 465, 455. medicamen 498, 464 Medusaei 444, 457. 485,
558, 554. 5 8, 645. 467, medicamina 495, 446. 445,, 44
468 485 88666646 444, 449
mum 54, 545. 464, 6446664τηί64 448, 588. 467, neptuim 307, 659
744. 469474. 494, 55. 446. 466, 544. 459, Negamus 565, 665
mmmmmsu wwmwwffi·
464 , medicas 65, 648 478. 446, 756. (ff alibi. .‘ “
ne 45, 445. 4ο, 564. 47, 6664644855, 746 agique 375, 476. 594, 786 ,’
568, 547, 548. ὅ ami medicina 47, 544 meis 5, 5. 64, 984, ¹1⁶»
54669144. medii 454, 746. 448, 784. 49. 495, 468. &azbi ·
464964 56, 764. 95, 545. 459, 454 445, 446 8661446764 85, 466, 468
99, 659, Q& ’41866 “ 4666ίί96475, 874 81414646444464, 454
mum 49, 557, 558. 54, mediis 94, 448. 444, 484. neuneu· 84, 444. 446, 448.
’8444 ⁵¹· ⁴³⁵ ¹¹⁷¹ ³⁵2⁷· ¹3³2⁴⁹⁵· ..444, ’
4.... 638ζέ2ζῖ9, 6, 23ss ἐ,’.’.,“,ἶ· ,6836 fiamus: 315
vmwfflffi ·mhmmmmwm
mm· 445, 747. 567, 88. guidi. 6846496466449
. 466, 964 4444666966445, 544 Meleagron 454, 476
mmmw mmmmmfflwmmm
mmwmmmwmsswmmm mmm
469, 544. 457, 67. 486, 74, 864. 76, 49. 77,.66. Menam 445, 544
647 ’ 84, ²21· 444, 498. 475, 8168444444. 49, 544. 466,
ms 458, 664 456, 795. 4. 444, 495. 464, 74 58. 445, 446. 469, 548.
4666666ώψώ66666Μ6669.
mmm ²nmmmww1w
4444644 55, 679. 95, 466. 469, 465. 549, 455. 558, moliens 564. 489. 46.
458, 64. 444, 496. 68 544
4846878444. “ 44468666 54, 664. 459, 466.

 

