18088 ·

{pm} 4ο, 997. 575, 585. · 57. 585, 576. 7579 569. 8585559560, 579
555,855 ’ 756, 455 steterat 555, 860. ,·
5775555559995478, 76 859995995578, 457 558 Ι
9599554, 705. 455, 995 Ι6959995 559, 397. 567, 6599995-556,49
1911111144. 614 54 stetimusque 411. 154
fp1·ev6re173,313 89965 967, 80 stetit 5007660 5954
ferentina, 469 stant 76, 74. 577, 905585, 596, 94. 540, 575,
1911111114. 5581511188 ⁶72· 191. 54· 545. (19·’ 515· 137. 415· 15941
1919191799 554. 411 199. 415- 555. 155· 1
8999995597, 457 - stentque 555, 586 95 . Ι ·
879954965499 55, 754570, 8159557695 Stheneleia 54, 767
¹ 556. 557, 74 stantem 252, 860. 750, 584. 856555919ἶά5 560, 585
spumas 755, 505, 599, 5874455 Stheneleius 265,273
585. ’ 1 stmtemqne 758, 464 &ideque 85, 557
8999599997, 57¹ stantia 596, 505 8511569959, m
194997 204, 4¹5· 3²512⁶71 899ιί695595, 775 · (innanti 957, 57
458, 5¹⁹ 85965554575 88155499 54, 964.
8995856995 55, 974. 465, state 96, 549. 564, 75. ,505
657 · 550, 577. 555, 75. 797, 6999190995 557, 595
8995859585 559, 656 , '72 8595919595 585, 550
8111111147. 515 · 8411111144.115 1594
staret 5014475. 570, 549, 8559919495 55, 599
458667 , 8101110545). 647
stat 56, 544. 554, 67. 709, stimulosque 56, 544.
6599999999 500, 675 709. 955, 459459499 ,756
§immiteris 575, 757 5895999 45, 555. 405, 66 {lupata 85, 586
§qumis 77, 67, 75. 506, statione 75, 657. 44, 555. stipes 198, 279. 598,
156. 54 ·’ 1411 514

8469699805 76, 45 stanam 408, 558 Stiphelumque 756, 459

stabam 455, 550 statuit 589, 575. 785, 546 stipite 58, 559. 57,
stabant 80, 595. 575, 588 8199495597540 · 157» 55. 595, 969.
labanque 55, 774 ’555, status 508, 509. 957, 569. 504 568, 979. 596,
ψ ’ mmmm 'mm-
hbet 40, 57. 58, 59. 76, 6559995 508, 84 8171154458, 559

58. 577, 756. 559, 596. 84589 55, 755. 749, 850 stipata 56, ⁴⁹2

595, 967. 548, 747. 595, stellae 44, 554 69998, 545, 650

554 758, 505. 745, 54. 8189949468, 749 8975 99, 760. 96,
545. 7³· ³53» 3⁸9· 399» 8581111155. 715 95. 402- 515. 511-
956. 460, 565 stellarum 955,97 699. 458, 555
6966955 466, 755 stellas 59, 556. 595, 500 stirpe-m 69, 757
stabis 59, 567. 777, 755 8111959575, 664. 557, 465 stirpes 988, 675
&bum 558, 657, 580, 555. 8518547,505 1 · stirpis 55, 559. 67, 699
, 585, 596. 545, 557 stemus 71· 898 , stix-ive 559, 218

¹ stabulantur 996, 855 1855855956,496 ’ stolidum, 549·
stabulorum 182, 573 .. iterim 555, 599 8898655995 569, 5ο

' mannum& 487 . 8811969790 406, 89 validarum 546, 303

65795 5, 78. 54, 779. 506, ’ 84586. 550, 789 stolida 757, 575

46. 550, 406. 568, 780 sternebat 343,2.·4 89666 776, 706
stagnare 59, 954 sternentemque 569, 509 - stolidi 977, 327 ·
89959555 447, 569 · ¹sternere 545, 658 strage 509, 53⁶
85998555, 500. 575, 977 sternis 564, 596 stramina 547, 702
85790 575, 969. 567, 940 sternit⁴ 595, 749. 578, 88. stramine 555, 447
81411111115. 197· 144. 151. 84 551. 551 81111, 459891

654 . , sternitque 325,372 ssmdque433, 801
89999999577, 750. 507, sternitur 540, 558. 575, 740. Ι585959 556, 74 598,

511 330· 511 . 1151 55· 195. 565
flamen 263‚,·5..167‚ 545 sternam 57, 575 595, 69959499 9,,,449
&naim 506, 74. 555, 579. 594 5159505999 995344

557, 5559754, 575. 567, 6695709547 5855005509558551414

 

