““ ’1161116661 384, 511

” · nuberent 15, 119 111,

’.ώωωω

1116616

mffimmmmm·

1111615,19. 69, 353. 83,
199.169,116. 115 191.
141, 165. 184, 636. 136,
136,145. 164, 151. 166,
18Μ6Μ6

666661

6111166368, 116
traherem, 153

..17144457
¹ 1
616141, 71. 48, 136. 136,
635. 186, 511. 189,19. 33
166, 163. 181, 356. 313 tremat 59, 519
136. 345141. 353, 331. 6116666661 169, 133 ,
111161686193, 533
1116161131,133. 181, 558.
mmmm rmu-
1111111384, 516 ¹ 6161161461145, 660
11111661 119, 415. 138,-464. 1116661116 366, 33
386, 414. 419165 1111616161 333, 316
trementi 86, 135. 161, 688.
trajecit 63, 665. 131, 144. 146, 511. 134, 516
1116116111344, 98
tremiscens 411, 114
tremiscere 196, 165. 111,
1116111148, 356. 186, 513.
163, 114
1111661 36, 46. 199, 414.
411,116
tremore 51, 136
tremoribus 186, 699. 443,
mmm
tremorque 156, 396
1111686611 119, 111. 183,
1666761111, 486
1166638119, 113
1111116111 33, 835
1116111611 453, 396
tremulasque 199, 414
6611111139, 163. 1333316.
318196

3⁶72 84
11116161 166. 163

. 313, 315. 361, 618
wwwt
injecti 141, -168
1113161616 158, 161
61311161 115, 531
trajicit 159, 118
1111611186, 53 ·
6116111468, 116
1661114.158
· 11166616111193, 133
transcurrere 416, 359
transferre 287, 843433,
tergerem 85158. 341,15
616116161616161389, 634
6661611611 193, 133
616161616465, 34
616116166151, 831
6167161613οὸ, 683 ’
6166111113, 333
transirent 131, 141
6111611163, 3ο. 148, 336. 111111616461468, 143
· 183, 31. 363, 661 1111118356, 139 .
’111661 111, 161. 161, 368. trebdaeque 136, 389
. 115, 166. 334, 643. 356, 61ρὶ6161461 186, 511
196. 443, ¹67.444‚ 166. trepidant 314, 35. 351,
mmmmm⁰ ff
¹ 1116711461 363, 631 6196161331, 534
mustus 168, 33. 151,434. trepidantem 135, 363. 563,
mmmm 6
6116111446, 158 trepidanter 148, 358
, 6166166393, 868 trepidantia 466, 336
6161111161 113, 354 trepidantibus 203, 381
6661166616131, 316 Υ1119616616 135, 535 ,
11161111 413, 334 trepidantum 436, 339
111666111143,136 , trepidare 19, 554 131,
6111111565, 595 196. 331, 536. 466,
’ mette 22, 411. 193, 113. 945
315199· 1222 305· 4¹72
1111611111 93, 481

trepidas 138, bct· ”

trepidat 41, 66. 334, 353
trepident 416, 196 ,

trepidisque 116, 556

trepido 39, 115. 136, 634.
mmmm

trepidos 89, 356. 539134

trepidosque 441, 151

trepidum 161, 313. 141.
135. 163111

treptdumque 369, 314

. trepidus 47, 194

&Qu

1111 115, 191. 1111451·
186, 65. 363, 649

tribuam 143, 116· 4411

16611811 165, 89

. tribuisse 143, 225

tribuitque 416, der

tribulique 153, 483

tribulis 393, 863

tribus 61, 333. 131, 753·
mmmmm

⁶⁶4⁴ 39²2 724 ·
tribusque 111, 596

tributum 231, 163
tributuram 169, 461
triceps 195, 194
tricuspide 19, 336
tridente 13, 183. 164, 33
tridentiser 143, 595
tridentigero 318, 166
triennit 133, 641

1111611611 193, 94- 1931177·

ww
Trineenrm 153, 436

Trinacris 148, 343
Trionem 3, 64

, 1116111141. 131. 59, 318

3093446
Triopeida 153, 833
’1116411161 149,Ι 351
triplex 161, 185
triplicet 116, 415. 131,
45²
triplicesque 64, 634
mffimmumm

“ triplicis 149, 368. 341, 4ο

Triptolemo 159, 646

Triptolemus 159, 633

triste 3²! 656. 136, 714
15114· 30¹» 444113·
ι478· ’169116ι '

1111111111, 661. 416. 431

1111114163, 146 116, ppt
34024

tristique 169, 313. 3111
459· 4491710

uitia 33, 53. 186, 646·
141, 534 191, 1631151
mmmmffi·

 

