'VOCABULORUM

3

66666569, 656 ¹ profugam 55 767· . proles 9, 664. 46, 69. 54,
66666 Wflwffl 66 66 66 3⁶7 66 Ή566366
0997Q8 Μ M¹n³0Qm2
ιὴΜωΜΜψηξΜ QQmwmu
wQ9Qw &anpma
ffissffl ΜΝΜμΜ ¹
ΜΜΜ wan7 QQmm
QOmummvffimmmmm
,955 Δ 646, 554666, 696. 569, 9663496668746
56, 666 657 · 9666666665, 646
6666656, 868 protunda 48, 669 · Β66666663668665 6, 596
66 669 656. 667, 465 9666666636 568 697, 666 prominet 685, 675. 594,
66 ΜΜ6»ΜΜἩΜ ffl9⁶⁸9
6666, 646 . 656, ,459. 696, 65 γ 966666686666, 655
1440, 86 5666 ndum 19. 33¹· 645, 9666666966 696, 96
is 326, 4¹¹ ⁵9²: 339, 796 96666766 46, 56. 56, 659.
⁰¹73, 32¹ 96966666 696 96· 6796 6·79 ¹2² 473· 696 98 4036
666 686, 766. 466, 567, 468 68. 455, 866
9666639588, 656 - 9666666966 666, 566. 566,
mmm WQQQ mmmmm,
56, 656. 67, 764, progeniem 664, 5. 655, 96666666 64546 868
- 646 promissum, 695
66, 646. 56, 455. pro 666666 46, 54. 668, 655. 96666666 565 596 ’
Μ Qu⁶QmfflQOumm‘

666, 666 750 ⁸ 3635454
me 223, 56, ²²52 progmnore 323 569 966666-6,6666 665

9664666666, ,1297 679, 669 9666666666555 666

’3⁶⁶2 67 9669666966664, prmius 678, 445
et 577 ³23 pmhibebmt215, 766.. 577, 9666666666 577, 565

63 229 664 339 , 9666686698, 257 -.
66459, 326 9666666666 676 554 promittit 66, 656. 556,
66644, 658 prohibebam, 47 576

644, 659 prohibet064, 646‘ 9666936336, 638

,6,9 ,755 96666666659, 666. 666, 575. 9666966666, 666 ”
,’76, 855 645, ’.656 546, 66. 457, 9669696665, 468 ¹

m¹55 333 9666696645, 86. 576, 666
66,5 6846 proh bentque 267, 569 prom 67, 8.568 46,67.

6,666 766 9666666666 657, 45. 566, pronaque& 84
6698, 656 666 9666666658,’ 477 ¹
s 277, 431. 566, 9663666666 675 66 ’ pronas 465 548 . ”
9666766665, 669 96666966 565, 666569,
r 272, 476. 564, prohibet 556, 768. 467, 646
656 9666666 84 640
85, 666 96696666966656, 59 9666665 656, 464. 565, 558
765665, 46 prohibete 59, 528. 696, pronuba 677, 468. 684,
:mu Μ·66Μ·66Μ

376, 55 777 - pronumque 178, 439. 454,
3666. 666, 565 664, 96636666 66 674 ,549 ¹ 821

projecerat 576, 66 pronus 21, 576. 666, .

6656, 59 um& projecit4588, 504 171, 377 236, 579. 253,
mmm QQQQ , 6ΜΜ6Μ6
666686 376 9663666675 57 3 339 796
Qm fQwamQmewmfi
649, 576 666, 869. 665, 574. 695, 565, 566
647, 568 698 prope8 676, 668. 679, 675.
666686, 757 96666666, 553 665, 664. 568, ’696 555, 596. 586,
¹ 125, 5886 3736 27²0· 452· 4726836 45⁰· ,39696 9⁰9· 4⁰8» ³⁶·

’ 9663666966 564, 27. 465, 448, 696
966 588, 667 646 · 9669668 um 469, 766

· · Q4·wm

Ι .

 

