voeuuuuouuit '

8
tentetque 107, 475. 109, 361, 619 11ω1111191,101
11616186 81611126· Μ’ ²⁵⁷ 11118811
1 1

Tantalides 361, 616 Tatiumque 433, 804 Τ131111 134, 317.136, 380
Tantalis 170, 111 , Τ11111433,805 tegebant 128, ,638
Teutalus 168, 171. 171, Τ1111119111451, 775 tegebat 439, 56

140. 186, 41 tauri 42, 80. 73, 850, 869: tegendas 381, 479 .
manti 36, 761. 56, 414. 65, 75, 1. 165, 103. 191,1131111173,·199.169,398

6ψ1ωυΜῆῑπΜωμωω6Μψψψωᾏθ

¹Qffimffluw mmmmmunwmmu.

Δ691.156,49.196, 310 x 80 tegimenque 33, 671, 674 “
tantique 154, 498. 159, tauro 66, 701. 157,. 81. 11311110,159.300,450

657 465, 695 tegit 4, 5. 6, 50. 18, Ι190.
11111143, 96. 53, 334 ί 13, taurorum 190, 19. 196,110. 114169. 396, 811. 397,

149. 131, 701. 136,14. 116, 151. 378, 347 849 ⁴

388, 616. 440, 91 taurum 165, 104101, 374. tegitur 107, 64. 181, 561.
tanto 6, 53. 714, 101. 18, 103, 376. 116, 131,136. 197, 139. 305, 598

188. 15, 465. 67, 714 148,734.181,735 1131191179108

69, 753. 141, 191. 158, taurus 131, 756116, 115. tegmine 330, 514. 409,

601. 186, 694 111, 614. 149, 763. 344, 101. 397, 166

Μμψωωμωψψ mmmm

749 “ 0111191148,117 tegunt 300, 449 “
’8111109111 76, 44. 417, 657. 0101105431 11311111411,499

436,1 1161111, 170. 15,118, 131. 111116, 159. 15, 468. 63,’
tentorum 331, 573. 361, 17,176. 45,136. 69, 761. 616. 77, 46. 87, 307.

608 83, 104. 108, 86. 119, 96, 554. 141,158.’149,
11110133, 661. 48, 118. 401,405.110,444.145, 366. 158, 610. 163, 35,

311, 189. 411, 479 187. 183, 614 185, 669. 164, 69. 170118. 171,
“1111111111106οι33,675. 116, 191, 99. 101, 351. 145, 190

tummumu mmmmwm &mmmmm

454,424 1161191118,187.119,414 1111114, 175. 119, 394
tantumne 171, 418 telle 311, 3. 167,117

unitimque 165,165. 317, 1111111151,447.158,611 Telamon 1031877. 113,
118141, ,1, 27⁸. liii?12¹7²;⁴22⁵.²1⁶70‚212. 227, 1131111111
161, 18. 143, 583. 155, 168.165,188. 357, 480. 151 ¹
1111711651]Ᾰὶἕὲ 661 1168826954 751 756. 101 Το1ιῗωῗ68ῗξῖ3ξ84ι3466ῂ

,1171118111 388, 638 697. 133. 766. 195, tuas Teta'nonn'tes 3731831
11161347,181. 368,116 117, 158141, 549160, Telamonius 371, 194. 374,

tardique 334, 618 48. 337, 710. 341, 44 166. 377, 311
11161· 198, 390 tello 145, 181. 348, 111. Telamonque 107, 476

0161011373183 “ 415, 341. 447, 175 telas 163, 54 ,

tardata 124, 519 . tectoque 111, 489. 177, Telchinas 202, 365

tardatus 367, 81 431 Teleboasque 355, 441

11161108, 91 tetius 111, 191 Τ11111101394, 770, 771

turdi 167, 346. 419, 430 tectum 19, 331 Telephon 370, 171

tardior 308, 679 11611111 110,159 . Τ111911111343,111

mdis 304, 571. 314, 357 tellus 17, 165. 49, 133. ’1111811807ιὸ

tardius 07, 674. 351, 305 107, 64. 156, 570. 186, Telethusa 179, 681. 180,

11160186,49’ ⁸ 706. 116, 746. 308, 691. 695

wffiffimaum Qmmmumfflwffmssum

2 3 2,3 ¹

1181111431, 50 1115119111 35, 710. 91, 435, 1169511351166

fiwmmw tumnmmwAwwummmm

ffiwmmffl wmuffimmw1wwfflwmm

&munnam-umummmm wffl2 ,,
149, 371. 151, 413. 185, 104. 396, 834 telisque 101, 337

, 11· 335, 670. 358, 513. 4111911117, 336 1111119648. 31, §Qu-632,

11 3.

 

