16651116161

18, 188. 161, 191 581615. 417, 596. 469, 1111111146, 117

4,,15» , 767 retinentia 184, 644

7, 503 11611461151,457 1118111147,191. 517, 1753.
29⁶. 322 1151, 181· 515 5561681· 555· 809· 415»
55,, 339 11111111 58, 5661 174, 517. 546

;,4, 654 · 415, 664. 466, 569. 465, 1111111 51, 647. 197, 541. ’
17, 466 · 66 556,185 ”

15, 117. 184, 645. 1181961115467. 516,155 retorqueat 151, 716

587 ,8880 99. 616. 584, 516 retorserunt 568, 696 ’
11, 781 resumere 156, 59. 161, 1111161111115, 569 .
1,181 ⁴. Ι 195 1161811195, 188. 198, ,
171, 468. 175, 1161111574, 514 576 1

, 1161911467, 745 , 1111186115, 719
1198,155 resumptis 119, 665. ’ 111111161178, 87
; 154, 516. 748, resupina 56, 167. 171, retraxi 5755157
175 1111618, 51. 78, 88, 911
1119, 558 resupinum, 158 , 81,187. rubi.
215, 333. 5457, resupinoque 56, 756 = retroque 169, 154. 151,
, · -1111511111567, 86 811. 545156
191,166 resupinus 169, 111. 158, 11116111611119, 656

41118 84· 1431351· 549,·159.· 1111111111795

41496 3522324·458‚520 ¹ , retulit 15, 457. 51, 565.
4151604 888488188118 57, 455· 111, 96, 587. 175, 515. 569,
16814 ¹¹ , 141·’ 414, 516. 457, 11.
11655· 451454 ’18115151 ¹4⁸» 149· 1114 411. 515

14311114. 551, 81. 11116557, 496 - Ι

1161811111 159, 474. 411, 111111111551, 556 ’ .

514· 554 415 · “⁹⁸¹¹i11021522153·'²4³e “
76, 11. 117, 559· retardat 78, 91 584. 166, 168 ·
m mwwm mwwmssmu
.69,175 J retegente 111,1 . 35¹›300

17, 196. 71, 874. retendit 5⁶, 419 reverentie 194, 146. 111, ’
846ώΛ6ΜΜΠΛΗΗΛ6 Μᾋωψηῃψ,

..1111 51 tt ..1111118 ’
Ι Ι 5 8

1818183885 655 · 11111111115,115
retentat 3⁶, 746. 159,Ι 117. revertebar 157, 585
3551791 revertenter 67,,714. 511,
, retentatis 417, 581 565

1411, 497 11111161561,474 ⁸ 11111ιί18 565. 561, 461.
561, 618 1111116581,166 v 57 ,143
68, 741. 115, 96. retentus 99, 618. 156,579’ reve tur 178, 467. 151,
66518441 - 51511ιὶ511556 822· ,111111
18, 340 retexit 565, 58. 581, 459 revexit 586, 461
1195, 527 11111ἰ1115,51 · 111116117611
196, 587 111111161446, 149 .· revincti 198, 579 ⁴
1411, 688- ,1111111169 551 1161611519111 ,
145168 retia 89, 556. 115, 515. revirescere 55, 468. 199, .
§.7²8 ²¹52 70⁶· 411· 77²· ²³4» 305
54, 766. 57, 471. 551. 191, 171. 514, 561. 1118181191, 77
5· 111158· 115. 551511· 551· 416415· 1111815111164
51, 847. 157, 86. retiaque 111, 77 1116111111161, 596
69, 567, 675 reticere 89, 557. 519, 185 revocanti· 17, 565 ‚
ἱέ3141365·Ι 8 ηιὶωεῆἲ ⁶⁵⁵ 161 mrmrw’ 81961113, ‘4⁸⁹
1· 555151. ...11 tt, 1 τ ,
9, 575. eoo, 947. retineret 8, 81. 61, 586 11111111411118, 794
59 1111111165, 55. 168, 497· 1116111196, 548

,5651581515 115· 515· 551· 518 «· 85 mutet

 

