⁶* 7004707077007.

sm, 787 Trojani 790, 707 477, 770, ·“477. 775, 449. 778,
69, 765. 754, 506. 160 ‹ 77. 757, 447. 767, 774.
457, 708, 487. 776, Τ7077014766, 54 796, 774. 777, 589. 776,
768, 779. 777, 477. Tro'sus 779, 777. 408, 756 777. 778, 777. 778, 577.
547, 788, 644478, Troum 777, 747, 779, 775. 745. 597. 758, 97. 787,
470. 789 494, 245 720· ³02» 497· 3²²2 30⁷·
0 469. 997 trum 497. 1¹1· 494. 497 798 75¹· 949 132· 35².
777, 848 00717757, 81 · 755. 764, 79 766, 77.
,7, 504. 447, 774 truculenta 785, 558 774, 770. 779, 787. 787,
. 7 57, 486 truculentior 795, 897 476. 786, 596. 799, 978.
75769. 40444 trunca 77, 478. 707, 774. 475, 770. 470,,776.445,

3997 9¹9 774, 560 777
.49, 777. 79, 8 7707708900 757, 86 ’ tumefactum 770, 578

7 70, 787. 744, 750. 00077900754, 7 tumefecit 448, ’707
770. 767, 7 truncas 457, 776 tumens 747, 549
778775, 784 . truncat 745, 647 tumentibus 798, 767, 478,
acum 457, 758 trunci 749, 747. 707, 497 667
17 70, 794. 759, 77077175775840967 , 7077770477, 787
truncoque 700, 680. 7754 tumescere 5, 76
100 747, 547 746. 788, 705 tumescunt 775, 777
0046, 767 truncos 777, 365. 747, tumet 76, 77. 707, 505
56, 476 770 70701679οε440, 77 ,
4, 777. 477, 809 truncum 768, 767 'tumidam 707, 789
0777, 787 trux 87, 777. 709, 775. tumidique 785, 559
17468, 747 ’ 467,607 707718770704074
07 774, 757. 470, tuba 9, 98. 776, 575 tumidi 778, 707
469, 757 tubas 470,· 784 tumidis 779, 480
um 70. 560 7017077757, 808 . 5 7001111907796,777
785, 566 tubicen 707, 705 tumidum 75, 460. 477,
930. 444. 484. 4000447009· 944
784, 574, 577 tuebere 79, 567 70770604 76, 754. 776, 796,

ε949. 74 4000004444. 06 740. ς
75, 774 · tuens 778, 97 7777797 08, 795

e 774, 769. 786, tuentem 780, 446 tumulandus 747, 770
tuentibus 777, 59 tumulati 479, 57

47, 67. 767, 97 tuentur 747, 66. 479, 455 tumulatur 707, 767

777, 478 tueri 8, 85. 67, 558. 747, tumulavit 4⁶⁶» 716

7458, 506 707 , tumuletur 777, 565

109747, 566 tuetur 777, 77 5, 777 tumuli 777, 4

747, 70. 777, 746. tulerant 447, 769 tumulis 777, 479. 784,

404, 420. 787, 4797 tulerat 777, 775 570

777. 454, 474. 455, 701870 746, 754 tumulo 57, 776. 98, 607.
tulerit 214, 697 770, 757. 707, 487. 770,

60, 604 tulero 190, 79 76. 747, 579. 740, 7.

778, 799. 779, 708, tulerunt 708, 5077 775, 77, 504409, 776. 479,

378. 797 94049· ⁶⁶¹ , '44² ’

587. 777, 797. 3717 tuli 767, 798. 777, 487. tumulo· 78, 709. 777, 645.

979. 748- 979. -9791 479. 944· ³23· 949· 979. 9770449499 ⁴

500. 787, 677. 789, 785Ι 7077017087, 708. 775, 5.

469. 770 4014044998. 999 . 970. 794

se 786, 577. 455, 7017180764, 767. 774, 769 tumulum 708, 95. 787, 457.
tulisset 745, 769. 778, 667 407, 707. 478, 55

770, 769. 777, 776. tulisti 776, 77. 767, 777. tumulumque 777, 740. 774,

999 ,asum 255· 40⁶·84

777, 765. 767, 777. 70177 78, 797. 70, 587. 76, tumulus 448, 796, 798

23· 449. 499 799» 75⁶· 94. 271· ⁶2, 707417746,797

7405, 75 580. 67, 678, 670. 86, tundunt 241, 575

»que 777, 776 777. 87, 70989, 744 97, 7001071907 47, 798

407. 00 47109» 494 470099· tunica 150· 999 μ

 

