19911

61911191 17, 199. 968, 781 6117119191 169, 99 419. 71, 697. 77, 679
6911999999 117. 888 sucht 747, 187 Β 1111191711.. ’
69111567, 86. 7741956 fugin 97, 51 . 99, 456. fuitque 27, 517
fudit 67, 619, 696. 146, 797, 797. 498, 671 691796191989, 119
141. 756, 469 6941961111 145, 986 fulgentem 999, 97
6961191 974, 519. 499, 6977919171, 597 6917911111 181, 567
.1ΞΜ,,. 6711717169·..111191Ξῖ1
6111111165, 659. 919, 991. 6971991999 99, 799 · 19179195, 47ο. 67, 799
947, 5791747, 195. (6 fugientem 70, 787. 991, 6917919919, 619. 774,617
16717111. 11111. 188. 799, 468. 776, 996. 1917119111 119, 798
699111 57, 469. 58, 594 84. 798, 997 6917911 87, 300
, 998. 198, 171. 117, 975. 69719911 755, 495 6917911477, 817
ff* ,
981. {²5 , ’ ⁸4⁷⁹ ⁷¹ ⁵ 6619611149. 1613 1011736986 16116016
69999169451. 196, 697 69719 61, 756. 117, 776. 797,857
69111195, 591 158, 691 6189191 16, 997. 7ο, 595.
9191117919. 195, 579. 19711 17, 515. 99, 784. 41, 61. 51, 979. 59791
1881· 8833158 8181. 111818· ζὲἲ ’.ἑὲ· '⁵⁸' ³³* ⁵²³'
· · 1 · 1 · · 1. · 1 1,
..91ιέ1. 2.. 81881819 8111181816
. 6991911157, 157. 119, 796. 69711 15,19. 97, 474. 97, fulminans, 618
187, 716. 976, 585. 799, 599. 596. 59, 954. 58, 6911919991 795, 768
151.477,18.141,119 , 499. 61, 594. 7ο, 76. 6919916916, 56
6971 98, 579. 189, 518. 81, 198. 84, 998, 999. 6911111911 18, 795. 496, 611
119111· 116515· 166. 1ο. 119· ¹⁰⁸, ¹00, ¹01² 411. 61. 411. 8¹1
11 .419, 187 119, 488. 197, 511. 157, 1916159,1ο9.195, 119
697111 191 977, 591 469. 171, 979. 199, 999. 69111914, 687. 747, 89
fugacem 174, 785 191, 751. 916, 749. 976, 69191999 86, 977
69719118, 541 579. 977, 659. 799, 448. fulve 956, 76. 798, 698

, fugacibus 94, 449. 797, 301, 47⁶· 3341664· 33⁶» 61111661161499

543 668. 779, 771. 751, 791, 191111Ι 77, 865. 156. 746
fuga 28, 544· 141. 111· 30²· ³5², 116· 161. 81· 18619191696119
118918. 798196· ³²¹2 99116464. 61 · 116361119194111·
³8¹· ³23· 114· 119111· 69919191. 416 116. 114

797, 879 1971991 97, 596. 76, 779. 61119 9, 115. 797, 648
fugaeque 997, 977 196, 691. 999, 664. 717, . 759, 977. 415, 747. 417,
fugam 11. ⁶00· 11. 47· 74449151 “ 111

181, 579. 714, 77. 766, 6971991999919, 574 69119488, 794

⁶9 69 ¹. ,184 119116· ι17. 61199111. ¹⁰3· 111. 111.
fugant 17, 967. 911, 695. 57 . 158, 697. 798, 689.Ι 6991111191 995, 977

2191 1631565 ’ 6646368111. 17
6971111111 188, 4 1111191779, 557 6991191 47, 999. 748, 915
19711 95, 469, 471. 794, 6111119119 445, 915 69191919 471, 799

569 fuisse 474, 874. 448, 999 fumante· 496, 87
77711945, 1448 6916519 396, 679. 491, 6991117119 59, 715, 7814411.

1191 ,9 42 1. · ·
69ἔ1111114664,ς665 691691 99, 758. 69, 574. 11161156, {95
fugavi 764,8 194,145 ’ ’ 1’11111111149,949Ι
9919191· 1941161111. 6669 ⁷²» ⁸²⁹· ¹³42 800· 6161169661

’799ἑ 411,917 - , 157, 465. 168, 156. 974, 69996899197, 114
69991411.996.411.6ο .,171·111.96·116.611 6916· 111. 491· 141
fugere 158, 695. 918, 796 69161459, 547 959
697619 19, 199. 791, 718 19911199, 447 69199 49, ⁸32· 284, 4. 799.
6999199189, 795 111141997919141. 948 “
6971111797, 869 14, 995, 915. 16, 941. 691991 99, 571

19, 714. 797, 99. 498, fancy? 147 ω

 

