«xnntx'

1181117117, 694 11711 191, 69. 1511837 “PMW 303· 54⁰
7477764771 79, 4 ¹ Ι1171011 178, 464 117106117,’496
mmffiw ‘wmmmmwwwz
mmmmmffmqmw wmw2mws
affimssm‚3fflffffl fflffiwm⁶
mmm& nmwmmm wwwmmm
1161111719, 119 1171611441 ¹²3 , 3¹2» ²²· 3¹3» 37· 17²·
7 „simque ιη, ¹93 1171611 189, 6. 198,104 101 .

' 11611197, 749. 114, 169. 117161 64, 637. 230» 3²5· η8883771337·

197,116. 176, 9,·9. 167, 471, 764 1171161171, 749. 749, 147.
ΑμΜπωΜΜΜΜΜθ mm

417, 191. 419, 717. 460, 1171616111 67, 716 111111,449171,474 761,
· 961 117160110, 716 , 600. 419, 777
. 11611161, 987. 198164 1171610184141. 176, 799 ms 190, 800
radicibus 18, 991. 114, 94. rapienda 191, 416 1911799, 477
’ὣΜΉΜῶ nwmm nwmur
7161111417, 67 7 rapimur 780, 410 λ 11111 141, 5⁶7

1181191, 717 rapine 194, 491. 189, 18. 11018011 111, ‘a 786,
’ radiis 7, 61. 77, 768. 46, 474, 818 988 ἱ

171. 108, 61. 117141. 1171101179, 491 1111768117
’ 169, 96. 116, 809. 187, 11711976, 676 11111776, 766
· mmmv mmwnawffi÷fflffn

, ’ 11610114, 179 , 117, 917. 177. 798. 187, 11661194, 718“

·“116101111117, 147 “ 996. 119. 709. 179, 471. 11611 401,1 ’
11610140, 41. 44, 114108, 9991, 111. 7191486 ³50· 2222'309333335
1169166711 104, 411 117161 101, 694 8181641169, 101

1186111167, 171 rapitur 19, 711. 41, 70. 196, astrorumque 1, 187

radix 109, 116. 181, 997. 111 1111 118, 7. 180, 701
146, 666. 701, 491. 914, rapiunt 18, 187· 901 376· 436819. 464, 687
78 746119 111188, 741. 114, 949

“ mni 190, 790. 149, 760. 117161191147,109 me 19, 719. 469, 697

1617, 797. 779, 600 11711 176, 17. 199, 520· [mm 33², 557· 778, 766.
ramis 18, 707. 19, 966. 177, 711167, 717. 781, 411,171.467,697
ςωηωψψ1ψψωήωνωωωωήω
· 746746199199. 111, 11711184, 671. 197,149. 341, 7. 741, 69. 7646
. 9861111611, 690. 191, 118, 174. 149, 794 740, 4ος, 76. 406, 89. 417,
68176ῃή95. 1351367· nystaqssmffssg, m ῳ. Νέἒῑωῗὸιῧὲἰκ
116116711111, 619 799 1111611116, 197
11010198,177.990,168 11711114, 700. 191, 890. 1166υῄ111 171, 67
wmmwwmm mmm meffl2Qss}
· 791,799.118,779. 118, 11711911187, 998 119, 409. 18910989
, 1196111696. 148717. 1171111140,177.178,464 671419, 701 -·
167, 749. 711, 19. 711. 479840 1160111441, ¹50

83 941,,11.799,811.·ὄ raptamque 191, 419. 749, 11111 101, 687. 171, 701
a! 1

ῃ ²3¹· 1771341 3²9¹ 4⁹3· 330· 5881486
ramolque268, 761 raptas 177, 430. 397, 7³¹ 969

- , ramosi 170, 177 1171111149, 194 11101411, 170

1100611197, 77 raptaturque 748, 117 111111 1704 679. ¹4¹· 107,
1116116176,461. 799441. rapti 410, 470 119, 841

1οη wwmv mmmnmm
’111111111117111108 498 11710 11, 444. 119, 790. 11111706160, 678
11111191,410. 177, 410 140, 904. 911,191 nuci· 118, 991

· nrm 179, 781 ¹ 1171111 190, 401. 180, 918. rauco 98, 484. 197, 600

11011491, 779 186, 710 171, 187. 989, 967. 416,
⁴ 1171116111141, 990 1171111761, 609 10)

117110170147 117111111178,.798 . ’ 1111101418, 409
,κ , mn

 

