VOCABULORUM.

787, 797. 7798777. 949, nepus 774, 997 ’ 996. 967, 487. .46’7, 9 ·
799 Nep une 774 999. 766, 779 7774777777 767, 949 ’
9949464999, 2¹4 “ 749, 997 nescitum ‚752 ,999 ·
077700 7007407· 7747074 000700·οῑ· 7007079707. 000000774 0·700 790 90.
776000 090 707 007· 747. 70 477· 077. 797· 0097007·
679747787986, 8979 8079766864794,7 797, 67 779, 8,77 844.
,79467969 987 Neptunum 944,76 766, 969. 779, 497. 97
77976767779, 98 88797776797,776. 774, 999 97. 997, 776. 967,67 6766·
00700 77 770 7090 ·99 7070 000· 7477090· 7790 Μ790. 7044
6798686799, 479 998 m 77 974’ ·
846477777, 478 neque 77, 969. 99, 686. 4ο, 7776888869, 666
, uela· 66, 689. 999, 998 77. 4878679477778777. nescit 30, 989. 49, 794. 97,
8068786496), 977 9790777798 88 49.6 767, 777. 779, 969
1688879586. 558 . · nequeo 746 4966. 769, 988. 747, 766. 997, 448
8077677776 7, 797 779, 967. 777, 679. 976, 77767767 47 98. 98, 969. 774,
887747796ιό4, 799 969 66. 3‚40 7. 468, 797 ’
7776699, 989. 66687. .797, 6696767777, 877 976, 976· 807444ιέ8, 767. 799, 777 ·
007 44., 466 70974 07 0000007770. 477 ’
7767664776, 667 6796879676 67, 477. 768, 8068866766, 799
nmisque 747, 996 794, 78. 796, 99. 797, 48. 80786798, 777. 997, 968 ¹
··7·7 7497777· 4777490 070 007 0477 707Ι 040 000009000707 009
morem» 000 · 7· 777777· 779. 779· 0000007000077707· ’
00000000· 700. 007 4η. 790- 4707707· 777. 000000774 707· 7407009 ·
· nemorosum 766, 769 797 8078677966, 69,64
umorum 76, Ι7.49 96, 77967777 997, 767 ' neum 798 97
997, 687. 994. 766, 676 77796877. 999, 989 - 6766667967778, 979.
796, 798. 774, 686. 423, 7794787774, 64 6674467767, 497
949 ·746968777,4 4789699 7477886776, 47

nempe 37, 474. 69, 664. 80777797, 76 nexilibus 767, 778 ’
999, 944, 999, 99, 66. 77774477 944 64 »7746664967 98, 499

779,49.787, 796. 967, 8070784976, 060 · 00000004 4¹² 0480 747 .

99. 977, 778 977, 999 80777887 979, 986 nexu 777, 747
7977779 4 07770 00000000744 97 · 0000700 ·00. 004
777664 79, 98. 96, 478, 776877 78 967. 974, 967. 67764496, 98 ·

470 77 477 70 44 00. 407 004 000477· 404
779 87, 786. 797, 7. 8077778677 79 77 64884998, 746

0807 859· ²55» 340· ’8046 Ν000008007068· 8970 748 00000080 5¹7· 0097004
747, 744. 767, 788. 788, 8467867774, 696 ni 4,67996 799
·. 97. 796, 749 476, 966 8077767 79, 787. 947, 74. 68864797, 797·

499. 5⁴5 · 9977740 00000 477 797
67677779 8,499 00000004008047860 1ιί0003400 ¹5· 35⁶2

00007·000·,00···0·7007“499 ἶ000ῑο0700407. 707 ⁰¹w772¹7 7707706-’7707Ι “
Ν798717ἷ864978, 799 -8077878744777397, 777 976
1877878746787, 777 7777764469 ¹59. -778977967 776, 978. 778,
77667 68,- 749. 86, 798. nervi 776, 989. 799, 964. 664
007 ·74· 007. 007 0007074 7797707 07004447 007 . 7
67767776 779, 969. 777, 7747777 77, 978. 48, 946. 77047776 84 777 -
679 979, 777 789, 76. 789, 768. 977,· 68907777. 66, 999
nepotemque 786, 967 ,9 449, 774 7074777 476, 789 88
nepotes 76 487. 8ο, 794. 'nem 798, 67. 799, 337.¹ umescere 67, 987. 766,
477 444 · 0707700 ⁶⁷¹
77776789 313, 779. 996, 686. 7777467498, 979 ’777977 47 798. 776, 498 ¹
499 876 677766967786,4ο . ·67 7767 996, 966. 994,
nepotibus-3 767, 798. 998,- nervosus 777, 796 467 ·
748 · nervumque 69 679 64477967 987 667
9777678449, 796 769, 988 6774777777, 786 nigris 98, 478. 767, 468·
7777776777 33 699.4 497, 979. nescia· 30, 978. 97, 674 79, 979. 979
49,7 77. 477, 899 869. 776, 996. 769, 986. nigro 69, 7.66 749, 648.
0070000004 400 - 0707749 0007077· 0077· 7777017· ’470040 ··
. 8 ὃ nssfflm

 

