1991991918111.

114, 614161, 19· 161, 116, 191· 111, 119· 111, 11114141 6 , ·“
61166611 111, 141· 111, 1166161 119, 111 161, ,ἷῗιῖἷὶἶῖζῖἐῗέἷ ¹⁵⁶⁷, 141·
. ο
1113818696, 799. 49, 99119, 11118489 11, 148. 197, 4919189869116. 417, 996
Ι9696. 149, 989 196, 116. 199, 199, 199. 196ςυῖ4991 191, 199
mnusque 119, 698. 464, 199, 918.196,449116, antiqua 194, 914. 447,
699 111·116,419--141,116· 111
am 11, 166. 99, 987.. 169, 999. 179, 414, 419. 1111199919, 419. 999, 799.
41,11·41,166-64111- 111, 419· 161, 14, 16· 4191611416, 611 “ ·,
149,161.189,914199, 941. 11. 947, 188. 994, antiquum 51, 199· 998,,ἱ
· 441111, 699. 144, 617. 166· 498, 199. 414, 914.Ι 897 . .
, 171,467.174, 999181, 418, 689. 499, 491. 494, 1111199111 949, 196, 498,
· 111·191,111·116,116 411· 411, 616 41 ·
911, 189. 996, 694, 999, 1919699199448 Α11181448,187
111· 161, 991· 116, 166·Ι 00006 195, 799 ’ 0066ἒο 1601460
911, 611· 416, s· 419, ᾙξιῗω, 111 911611199619
167811801981699, 719. 199, ng. innoso 243853343357 8888168108 18ῐῖ, 51, 909, 619 Ι
²⁶52 779· 405, 7·46, ann¹¹²²93· 2¹9· 3001 4³¹· ¹⁷⁷· 354» 4¹7· 394 777·
411· 411, 614 119111414, 116 191, 611· 411, 114· 411,
nmmum 96, 619· 161, 060016 191, 116 114· 411, 149
999 1999919199, 991 antraque ¹45· 166 ’
ι11611199441,ι4ο,ιςο annuent 948, 196. 987, antri 69, 761 999, 699 “
1141196991 186, 688. 909, 66ζῦ 666666 17, ²⁶2· 51,269· 671
’.8.111.. 1911141114, 1911111181;
&mussi 8 141, 999199, 9896961, 149. 9666, 47. 996, 811.
...9,1. ..44911141 1.. ..9.1.. ... .,
nmmum 94, 984 161, 9. 119, Ι116. 196, 969. 167, 96, 91. 919, 191. 948,
199, 179. 149, 998. 181, 398, 187, 78· 74], 76· ²¹² '
144 11, 411· 111, 169· 1 9, 666· 411, 411· 444- 1111111111 114161
491, 891 169 1911911169, 699. 81, 197
ῗωέἳωῗὶ ’.98 ¹³³· ²⁷⁷' ’.88888 ²⁸⁰⁹ ⁷¹³ ss'hss‘’2²⁶⁷⁹’2⁶⁷⁸? ,9 ζ... ··
11691918, ’1 7111119 61, ffitfiffoizgw 191, ²2⁶ 919, 116· 164,
169, 1797615948, 94919. ἐξ, anti ιι, 448416, 48719, 9995916998 418, 879
989.414,914 969. 91, 619 w almi anus 191, 449. 149, 661.
*fluimusque 991, 459 9118111 plur. 198, 984, 991. 418, 699
Anius 988, 691, ,649 111184, 1. 14, 441 anxit 91, 619. 71, 896, 897.
19117 199, 191. 178, 499, anteit 914, 69. 978, 966 119, 719. 169, 179. 916,
191, 179. 441, ¹¹3 1981111111 419, 994 411. 919471
-111116996,799,4ι, 99. 137, 1111911911 98, 616* 919, 1111511119, 181479, 971
⁵⁰· 150> 411· 161, 19, 469 6116116619
194161· 191, 166, 111· 1161161119, 461 “ 611111141,111
200, 911. 119, 698. 117, 1811191911 971, 191 Ι Aonidum 161,1
. 171.199,199199 919. Anthedon· 197, 191. 998, 1691189117, 769· 34¹2 ²4·
145, 691.147,711.179, 999 999, 681
416. 171, 499. 179, 991. anticipata 84,199 1699391 19, 919
999, 449. 991, 919, 322, Αηῐῐ99119111169,99 Ι 13911891 198, 111
Ι 991, 949189. 999, 949. Α11131111111111119111996,46ο. Apenninus 461 666
366, 66. 986, 996. 419, 891898111411, 149 aper 191, 714, 719. 119,
'³35- 491, 441· 416, 411· 6161611141, 114· 145· 1’14 116· ²³5· ³53·
1186416181619, 969. 199, :ffigsssssffl’s 248469, 32691, 11121616, 19676809,6666 4601
96146499, 187. 181, 9791988968111 99, 919, 164, 1961889147,71994411,49Ρ7ώ“ω

 

