· 777678

76776777 703476. 777, 674. 763, 38. 787, 348. 347,· 777767 784647-736, 34
·²⁷⁵’1⁵⁷³·³¹⁶··²²⁷ .„uss}÷t²¹u⁴⁹¹ae⁶¹²⁶⁰⁵ :tim ’.8,
:23:1¹1ssss 302, ⁴⁰⁹ audierit 6³3,4 »⁶¹5 3 ‚aufer 767, 780 ’

7677677404, 63 audire 36, 737. 778, 437. 7787777737, 73. 747, 703.
'immite 36, 363 748, 776. 347, 737. 478, 370, Ι738
attrahitur 700, 373 676 7767707776, 337
7777777777 730, 743 tuditi 373, 483 776777 343, 737
, attritu 37, 436 nudis 333, 667 Ι77371777 737, 30
7771777734, 377. 773, 300. 7766667773, 833 augendo 776, 740
773, 660 7768677 376, 377 augent 30, 764
attulit 783, 673. 773, 633. 77667 36, 473. 730, 387. augentur 383, 787
784, 3. 340,6 , 738, 677. 766,Ι 737. 347, augere 3037 334
77777 63, 733. 707, 466 47 - augerem 433, 336
. 77777373, 708 77667377 37, 763. 447, auget 30, 384 787, 773.
avari 387, 434 737 ν 473, 434 ·
7776746773, 530 ⁴ 776777 70, 347, 347. 78, augur 347, 78. 337, 307.
nudam 54, 377 36, 37. 773, 873. 776, 467, 336
..ustor 37,673. 43, 88. 744, 380. 448, 307. 443, 7473777037, 333
737. 778, 640. 733, 8. ,373 7737777 3, 343
. 740, 733. 733, 637. 768, 77678377 60, 343 auguror 33, 373. 783, 77
. 777. 774, 686, 773, 707. 77677377 30, 363. 334, 788. Augusti 764, 73. 763, 770.-
’ 2867687638 ⁴¹⁸’ ‘³ 2u5÷1531⁷5⁸45 509 86888615
austum 37, 787. 773, 708. auditu 470, 793 Ι Augustis 73, 367
«ΜΛ 1 fflffluumsmmmmm
twmuumuusss mmmmm
¹25 77670 67, 600.Ι 707, 707. Augustus 736, 703. 373,
7760777377 76, 78 777, 730. 733, 407 778
auctoribus 734, 748. 770, 7766707768, 770 777677 366, 33. 463,640
67 auditum 373, 47 7667377347, 77
7 076788, 329 auditur91,401. 200, 373 uvidum, 777
nullus 773, 660. 738, ¹05 auditurum 53, 347 77667377 733, 484. 773
ωωωφψωψψπωω7

399 464 ’ “ avidam 477, 703, 443

’ ,, audaces 303, 344 avellere 33, 338 703

'auditi 193, 337, 230, 733, avellit 53, 35¹ avidamque 158,4ς8.405,ἷ5
348, 770 avem 67, 364. 733, 344 777677737873. 477330

ωώωωψψὴ ΜωωΜπππψὼηἪψ
mmmm mmwmwfflwwu

audacis 478, 677 ’ 338, 373. 4ι7, 337 7776763777 734, 743

7767667777 33, 673 avemque 737, 737 avudiffima 77, 767

audax 737,”437. 777, 788. 78716333, 667 77767 733, 874. 376, 773

· . 377, 736. 373, 376 7777638, 303 nudusque 780, 330

nudent 2²4· 66 6777777770 476, 670 andum 440, 83

77676667 437, 733 Averna 407, 703 77767767, 773. 307, 477
'audent 30, 366 Averna 407, 774 avidusque 786, 36

77677777 303, β6 Aut-ruas 786, 37 avis 34, 377. 67, 333. 3337

7767776743, 774 aversa 7 34, 733. 740, 377 367 ·
audentia 55, 406 aversae 201, 347 avita 64, 646

, auue121318,11}4 aversa-risque 478, 677 avius 338, 886

³¹¹d²›4592 530 ‚ 7777677408, 770 aviti 777, 733
'audet 67, 778. 730, 687. averso· 343, 737. 373, avito 784, 630
“743, 763. 367, 677. 377, 773 'avitum 780, 707

. 44„ 39397, . 77776777 737, 776 7676178563- 467387
37637763, 183 aversu⁸32‚ 629 aula 773, 377. 338, 786

,676767 447, 733 avertens 467, 387 404, 46

'audi 743, Ι337 · 77777777 37, 433. 437, aulam 337, 386

:audiat 36, 473. 743, 387. 736 7767673, 777

Auum·

 

