10018110111.

emme mmwumwfflmm
eosdem 88, 317 368 1713111111 136, 11
Eoum, 133 11110137, 381. 138, 601. 1117111136,13
8717111136, 736 113, 630. 116, 741. 118, eripis 181, 340

Ε91761136, 748 804. 14815383991980· “ipim ²3, 538. 9314888

Ephyre 49, 140 443, 161 187, 311. 440, 80
8767110103, 391 11111911113,793 - 11171111343,143

Ι8718111186, 178. 103, 436. 111118, 93. 9, 99. 18, 191. 1117111161, 184 367, 80
“ 463, 643 66, 703. eruum eripuisse 134, 783
Epidaurius 467, 713 1111 14, 440. 31, 633. 46, eripuit 63, 630. 77,71. 138,.
8110414. ⁶¹3> 177· 601538· 146 411- 410416· 4101141
Ξ70711198, 613 Ε116111.“ 447, 176 11819, 338. 134901. 13741
Epope 185, 674 11114, 1, 16. 9, 1074114. 69163114 ‘ affl '
epotus 447, 17 3 13,Ι 18ς. 16, 133. 1111661· 81161616011131, 813
-14181-179, 488 9118117611. 811618111011148, 738 .
· epulandam, 110 eratque ⁶72 7²5· ²5⁶2 43 Esffissh‘h'ffl· ²50» 779· 8811
1711811131,831. 131, 840. 11161136, 333 840 ·

440, 81 Erebi 155, 343. 187, 76 1111113113. 36, 737. jz
epulasque 146, 671 Ereboque 417, 404 643. 99, 367. 11
1311111133, 763. 141, 371. Erechtheas 141, 57 plur.

131,817,831.349,144. Erechtheus 185, 877. 186, 111191117,ς17. 439710

436, 478 701. 114, 701 81116011 138, 79
19111133, 873 81116181181113, 731 110 133, 10. 469, 768
s 1911163, 667 Erechthidis 103, 430 1111611116731. 314337
09111163, 663,668 1111111416 errandum 108, 87 .
19111111 66, 690. 181, 111611 76,43. 438, 311 11111181, 173

730 erepta 20, 338 errant 110, 443. 334, 416.
19111181, 730 1117111911 198, 386 396, 811
· 191113, 468. 43, 96. 64, 1117011419, 444 0111111437,14

647. 99, 637. 111661 ereptamque 33, 663 errare 8131194. 110, 3771
11141. 64 45· 11446, ereptum. ¹3⁶ ο 416. 351 ·

, 161. 47, 101. 31, 314. ereptus 117, 781. 471, 01111169, 190 ,

· 166, 110. 113, 34. 416, 803 , 1111181109, 333.

· 334 1111111103146. 407107 errat 101, 714. 133, 333.
equidem 31, 181. 109, 313. ergo 11, 17713, 43443, 139, 473. 161,101. 343,

288 ⁴⁹⁷· ²⁴⁸’ ⁷²²’ “ 11888838· 88888· ΕΞ· 88 233· 22} ⁹3⁸2
1911111139,113 Ε1ἱς6180111111166,333 6806443163, 4.
equinis 343, 88. 333, 374 Eridanum 54, 371 erratibus 113, 367
equique 179, 486. 416, Eridanus 52, 314 11111101174333

363 erigimur 414, 303 erraverit 133, 461
equis 118, 634, 1714119. 1113111169, 386 1111666470, 731

200, 314. 136, 374141, erigitur 36, 746. 198, 378. erravit 38, 490. 301, 479.
ssmffffi 'ssffwmmmssffiffh ι
1910167,51’16. 131, 301. Erigonen 167, 113 11111408, 131 .

136, 377. 196, 316. 336, Ε11301119111300, 431 Ι 0110180,141. 91, 431, 447,

ffluwmwmuwmm &mmmmm
equorum 41, 4⁸· 41. ¹92- 8104118418. 411 1134481· 168113

49, 134. 33, 391. 96, 8110116049, 1441 11101141,79.117,167

334. 111, 114 113, 143. 66111016011138, 608 errorem 40, 33. 110, 861.

148, 360. 414, 311. 438, Ι1111111443, 116 117, 161 .

311. 439, 341 6111111711 33, 713 erroresque 113, 301
1910144,118.46,181.33, 8111117116,14’1. 111, 490 1111116111 30, 381. 463,
1961619916 111, 11 εΠξῖ6,511’3 3 ²⁹⁹· ψ’ 8⁵0⁸ ,1116618 411, 484
equum 166, 119 1187111377, 343 11161611191,78.136,388 “
equumque 333, 431 1191111413, 3 erubui 137, 384
69111101, 704. 190, 341. 1113111169, 13 «1181161116,ηο M

‘ t

 

