i

VOCABULORUM

775 6111011179578 dirit 101, 694.Ι rto, 533..
16557167, 6116161545. 76 661,179
,94 508, 699. diretta 649. 755. 666, 508 6110 66. 589. 170, 610.
6116619110 150. 595. 185, 685 501, 469
456 6116116645. 591 6110916586. 456
,7. 115, 669. 6111616 94. 500 j diruerunt 96. 550
166, 20. 656, 6116601690, 155 6111111559, 551
,5. 666, 699, 6116611696, 565 6111111156, 550 .
64. 699684 6116611619. 107 dirusque 145, 674
io, 567 dilexisse 408, 151 diruta 584, 560
, 574. 679, 6116111151,417.681,75ς 01141, 46. 7. 186. 64,
6111911116601, 645. 111.1 7. 166.Ι 755. =
77 diligit 607, 467 “189, 64, 191, 61. 194,
59. 618, 795. 6111111065, 454 148.Ι 608, 511. 615. 7ο4.·
,4. 657. 514, 6116111555, 441 646, 685. 648. 764. <9⁹
15. 551, 561. 6116161557, 491 addi· ·
11, 506. 465. 6161611118, 567 1111966171, 455. 651, 665.
dimittere 17, 661. 676, 467. 459, 545
, 500. 54, 568446. 576, 617. 575, 61106414, 519
666. 465, 696 . discedet 96, 456
4ο, 589. 150, dimitteret 52, 510 discede 299, 411, 416
99148545. dimittit 62. 598. 109, 119. 6110166111167,159.557,715.’
tc, hir. 169, 666,148.668,188 457,17
58. 666, 167. dimittite 14, 609. 101,695. 6111161611111556, 687
05. 656, 847. 569, 486 dit‘cedrre 96, 456. 108, 91.-
32, 777 6100111151. 708 117, 556. 667, 550. 457,
564. 116, dimovit 148, 541. 554, 68 ·=
617 discederet 606, 564
654 Dindymaque 48, 223 discedit 518, 189
94 411011161111551, 574 discedite 61, 581. 115,Ι
tr 10164, 7 65 ·
Diomede 5368, roo. 575, disceditis 581. 445
646. 461,496 discedunt 158, 94. 598, 899.
159475 Diomedis 568. 106. 419, 457, 65
158 457 61111696, 177
1. 646, 568 din 11. 156. 89, 554. 99, discidium 405, 19
665. 609, 565. 659, 479. discite 115. 687. 656, 596. “
utmimdwmmmifflmss ²
278. 466, 666 discordia atsj. 4, 9. 669,
rwmufflmwdmu m
dirumque 565, 571 discordia subst. 7, 60. 677,
560 diras 185, 665 , 669. 506445 ·
810 Dircen 49, 659 · 61100161611167, 661
ςι. 91, 461. directi 9, 98 1111001165, 457
5 6110610144, 169 6110616556, 699
35 5 diremit 4, 61. 558, 555 discretus 147. 564
1 61151177. 56. 106, 751 discrimen 18, 691
5. 676, 477. 6119101516, 69 6111111111111506, 517
54, 401. 405. direxit 656. 400. 545, 78. discriminet5‚ 222· 205,426,
122 561, 606 645, 577. 594, 646. 505,
42 diri 641, 550 , 616 ·
6 dirigerem„ 66 discriminis 164, 66 , ,
,50 diriguire 195, 115. 451, 6111161616 646, 565. 546, .
1 1
4{42- 610, 6118551866 55, 548 6116615116616548, 611
diriguit 146, 186. 145, discurrunt 418. 419
865 655 6110116649766. 459,.7ο ·
541,8 diriguitque 175, 505 · discumque 146, ²9² ' ³
168 6111111601 146, 514 discutiit 65, 615 ··’
115 discutit

 

