1114116691 39, 311 secantes 11, 379 secuturo 146, 189
¹ 1911199168, 741 1991191937, 463. 93, 467 secutus 84, 118. 91, 114
1919111134, 793 secedit 318, 183 , 149, 114. 338, 319
scitatur 197, 337. 334, secent 27, 399 ’ . sed8,93.10,138.12.1&=
611 . 119911911413, 167 13, 199. 3 dih· qt
19118 441, 141 19191111 179, 499 plur.
1911919169, Δ348 “, 6691719899. 393, 388 sedant 449, 83
19111141, 443. 461, 613 19919939, 394. 61, 366. 68, 19611991, 4¹5
191191491138, 198 737. 69, 749. Ι113, 114 1961119439, 344
Μώηψψηιωὼωπ.ωηωψμύ
196, 447. 393, 891443, secretaque 191, 73. 347, 339. 198, 78. 141311.
5¹⁸ ¹9⁶ ¹4⁸» 35⁹· 119 111· 411
19191911. ⁵⁹3· 119. 781· 6119911818 1 ¹4⁸, ¹5⁹· 919841
381,4381 ’ 1999111413 sedem 154,4r›7. 169117.
1999919999113, 333 1981199993,33.,145,639 196443. 611.
'copules 190, 33. 196,447. 19119178, 638. . sedens 39, 12. 320, 1371
’ 176, 391. 496, 88 1989194396 , 399, 913
scopulosque 84, 116 1199819199, 939 sedere 11, 177. 78, 88
1993191919 164, 79. 493, 73. 19619144, 139 . 19691991339,189
419, 181 secuit 3, 33 f 191111 13, 118. 39, 374. 119,

. ι 19999191 114, 313. 763,199911446,161-473,878 433. 111,436. 148, 348

116 - 19991911, 389. 199, 116. 496, 98. 411, 319. 437

1111711141, s, 119. 411. 123, 500· 68 2²· 438· 35· 4551411·
1991719147, 199 nabi. 4⁶7. 1181119811
⁸ . scorpius 431, 374 secumque 367. 8². stdflsq⁰²4⁶7s 7³⁸

1
1911911174, 311 1999911133, 639 sedet 18,193. 7ο, 773. 411,
1911911177, 616 1991111189, 138. 138, 91 161. 439, 337 ί

1913911174, 317 ἱ1999111Ιί 378, 369, sedibus 47, ¹47· 33, 313,
1911919191, 496 . fecundia 146, 673 · 164, 71. 499, 133
scrobibus 797, 743. 318, 1199919111,619.’137,41ο. 1911161147, 317

789 ’ 38ο,418. 391,718 19911.34,681. 71, 814114,
19999191441, 137 “ secundum 177, 618 , 161. 177, 431. 199138
1991911194, 148 secum 136, 371. 167, 137.’ 18774 443,161
Scylaceaque 463, 791 196, 433. 119, 867. 483, 1911.99171.’416
817114 191, 63- 114, 91. 784. 341199 1991119399 341, 61

113, 194. 391, 739. 398, securaque 411, 499 ‚seducat 117, 37²

999. 493, 78. 494, 39. 19991119,1οο 1191611146, 673

493, 79 1199191193, 418 6 1991161399 179, 446
843111 494, 39 1999117918198, 371. 349, [eduam 198, 991
8931111494, 31 1491419116 ’ 1111961111 99, 379
⁴ 8971911197, 464 199911111919991336, 469 19199991387, 611
6931911937), 136 securim 136, 397 [edula ¹300, 438. 339
8971111148,1’14.139,788 1999189111,131 918
5971611111 7, 64. 139, 797 securosque 164, 149 ‚sedulitas 149, ⁴⁰9
Srythicsst 393, 388 securum 443, 119 reduxit& 691
Scythicas 139, ’649 1199191193433. 317, 413 1149147,113. 79, 114, 331,
Scythicis 448, 183 secus 68, 717. 178, 433. 117, 174
599114111431, 769 161. 344, 191. 337, 489. 19491919 389, 633
8931199119189 4881189 o 1949191 19, 137. 17,1,·1.
{e 9, 191. 33, 794, 711. secuta 81, 19189114. 113, 48193. 133, 481. 1314
37, 771. ⁴& alubi 41811 339181, 737. 314, 71. ,999

plur. 343, 81. 464, 664 segnem 83, 146
“ 'sque 11, 389. 31, 641, 644. 1999119114,ς43.’183,789. 9491691137, 399

63, 613. 414, 319. (8 1143165· 3141731 66861961 5⁶3

91161. 1991111141, 137. 133, 884. 111131 418, 678
1916111881 399719. 413, 341 seme! 34, ⁶5²· 64, 64.
secabatur 319, 473 19ῑυῐυω971,576· ²3⁸2 98· ¹ ¹2 151· 1481 886·
1991616 4111118· 4111114 ’ 1616 w

 

