voanULotttJtt- ι

consumpserat 153, 835. 181,’ contiguet 103, 53 10111818, 88. 134, 381. '

‘m mmmm. §ww

1018111911 98, 600 continet 113, 351. 118, 1011161414, 300

, consumptaque 408, 148 , · 363 convertit 114, 163. 194,

consumptis 115, 106 - 101111311455, 443 140.19ς,189.,149,368.

consurgere 101, 344 110, contingent 384, Ι516. 396, 319,109 ·
530. 454, 431 831 , 1011111111458, 516

“ 101611311193, 119 contingere 41, 53. 45, 151. 1011111186, 693

mmmm wamwmwwmffi

,πωπω umwmwmmwmmm

1011166111 193, 140 413. 331, 581. 391, 308. 10111111399, 911

1011131110,551.444,195 408 138 , 1011111136, 356. 114, 548Ῐ
contegat 169, 391 ·contin 1181, 360 160, 6644616. 130, 110. ·’

contemnent, 531 contingit 88, 311 135, 338186301. 333,
contemnere 96,Ι 559. 313, 101611111448, 189 601. 336, 366. 411, 511.
155 , ·’ continuant 412, 140 419, 310
,1015119εέ11 411, 519 continuere 331, 108 . tenerentque 135, 361»
101111911411151,415.403, continui 115, 334 cornert 366, 58
19 · ' 1011011135, 345 1011111164,133
101111910408, 141 101101111136, 31 · convivia 12, 165. 135, 5.
contemptor 94, 514. 311, 3. 1011010113, 381 Ι105, 431. 348, 111.
393, 361 Ι contortum 151, 411 589, 635
101111191011114111164, 140 contra 69, 353. 108, 80. 1011011113, 1363331361.
1011011911111, 161 113, 361. 136, 30. 183, 413, 405
contemptur 59, 513. 393, .605. 1131161318113611. 10110111901196, 104
859 contactosque 51, 133 convulso 349, 154
contende 363, ,39 1011146811415, 345 coortis 330, 511
’ contendere 33, 855. 116, 1011118111444, 198 copie 45, 153. 90,,, 391,
303. 146, 315. 165, 93. 1011111111ι 36, 341. 50, 3 391. 93, 466. 169094
3649 , 161. 151, 458 138,“443. 181, 545150,
1011116181154, 6, contraque 113, 609139, 792. 151, 838. 153, 88.
contendite 304, 530 433104, 411 193, 356. 316, 119. 311,
contentique 9, 103 contraria 3, 65. 51, 314. 138. 350165331108.
σωωωό ffimwmw2mmmmm
,1011111111 15, 116. 15, 461. 814. 343, 139. 331, 183. 30 -
wmumwm fflmwmmmffwfflfflw
1066616911141, 166 tormine 43, 33. 60, 541. 6666686856, 345161,421
mmmm 2nmssmr wmmm· 1
101111111133,334.108,99. 1011111111180,,144 corbe 413, 644 · ’
· 141, 551. 144, 610 contraxere 95, 660 10181193, 551. 334, 614
10011116111449, 315 10111111193116 · 458, 514
conterentem, 183 1011100144, 603 . eorde 63, 611. 101, 690.
conticuere 153, 534 1011111111149, 358 131, 166. 190, 33. 133,
renuente 133, 193. 300, 10111161811193, 131 “ 501. 313, 319. 333,
, 430 1011011343, 85 309
0016411111 80, 133. 91, 10111101111131,141 Corinthiaci 458, 503
409. 130, 113. 189, 6. 1011111111 163, 348. 308, 001118101511407 .
mmmm <m tmwfflmffl
1011131111 14, 111. ,316, contulit 115, 138· 345, 101119119, 105
uz . mmm ,wmww
30113110 315, 193 convaluit 159, 438 “ corneus 34, 693
‚contigit 20, 340. 11, 404. convellere 163, 351. 316, 1011161131, 651. 33, 344
mmffimwffi m Qfflffifffflw
86169115, 568. 155, 1011111111135, 551 318. 194, 161. 100, 318.
531. 103, 391. 133, 483. conveniet 368, 111 109, 530. 189, 111. 395,
’ ί8871336315, 1183191 “menium 30» 577· 722 271229⁶·350³¹⁶9·⁴⁶¹·
110611. 338, 353. 415, 84611, 101. 183, 896. 581

603111. 10351413. 163. ⁶7 0018081114 mm

 

