¹ VOCABULORUM

991, 991 plur. 1611161191, 841
duplici 111, 869. 991, 168 1449, 111. 99, 999.·71, 1611111169,768.169,117.
61111 189, 14, 19. 199191. 789. 84119, 1116667611. 446, 467
114, 418.111,999.191, 116111 19, 198. 661. 19. 16111 84, 198. 116, 988.
819.197.89.6’111’6ὶ. 19, 961. 11, 197. 77, 69. 174, 991. 914, 991.
6111911171, 111 1116619611. 419181. 418, 419
duceque 971, 184. 491, 111186, 171. 199, 911. 16661911 989, 487
611718119 176, 617 111116713649798, :7⁵2 713431, 119. ἓξὲξὲῆὶᾟῇἓ -
&mmm QOm1 fflwmfiwwm·
6111111446, 199 111 11166 , 696 49. 69, 619. 69, 669. 111,
611111191,671. 166, 919 1119111419, 998 111. 111,491. 19 116.
1611661116, 446 116111167,711. 119, 997. 174, 996. 111, 99 .147
affimffis mmmmmw⁷wwmfflww
61111199118 961 914, 961. 961, 977. 491,
6111111111, 679 111 49, 199. 99, 997118, 766
durataque 116, 977 919 edin 197, 48. 194, 917.
61111111 119, 999 1119111111, 491 199, 191. 119, 999. 179,
6111111911, 494 16111999, 611 · 6719516467
δω3771949ι4841937 16ῐ6111111174, 941 16611119 ,449. 149, 771.
durescere 14, 607 ebibit 191, 896 199, 198. 449, 111
duri 73, 891. 97, 984. 191, 1611968, 797 161999, 668
ϋηωψωω Μώψι wwwm
611111 999, 799. 419, 711 ebrius 116, 16 Edonidas 914, 69
duris 4, 11. 9, 119. 116,·161199,9. 111, 148. 176, 1611111 87, 914, 191, 891.

wmwmmmmwwmwfflm·wm

'5¹⁵ 661.199,189 educere 199, 999. 979,Ι
6111691141 1 997 16111111 111, 189 9 9

41166177. 469 161111191411. 117, 999, 16113179119. 999411
duritiem 11, 411. 191, 791 994, 194, 911. 199, 179. 1611681111 918, 499
611111,117. 78, 89. 179, 919, 991 1616611171191
. 916. 164,168, 611. 8371 1611111199176 1611111199.64Ι- 9514178
798. 949191. 991, 931. 1611111111, 178. 199, 119. 8616111111 944, 111
3wfflwmwm mm2 effiwmw
mmmss mwwmwmwffiwwm
99791991ςέ9 198911. 989, 941 9718197496. 64, 69 9. 11 1661 gg: ῐ4911709159ι ⁹
3:11332112373'42} 67, 716. &tumn 13933333068 wag: ¹²⁸8?- 8771 345
6118411313414215 244· ²75· 666· ἒὲἓέἓιῗᾱῖ924ἷὲ6ξεε199 911. :gottw 33171
ὤψψηι ιεῗῶἒε 3 ἛΨὛἯΛο
17 . 11 1. enen· 1
..ῑ1181ἶ1641,’.,646333 ⁵¹³· 111ςέ6 {zum ··
1731439· 3431210 Ε161111111199, 949 1661141 111, 181 ¹
mwffwfflwwwwwmww
, 1611ῗὶ319997,41’64 ’ς 4143111Ξ1199ξ4ἰῖ5ω 11613111 415,’89’.’ 111, 686.
1116ίῖ11996, 697 1191166116, 199. 961, 988, 1911104
611111 71, 774. 179, 497. 989, 991 1611114171, 199
199,’179. 199, 411. 918, 1191111 91, 981. 91, 441 1661111176, 99 .
63 16111491, 994 1161611918, 186

ὓ71119161998,768 · 16111999,797.411,194 ι1611661111111111, 141 Ι
. 1611 161, 111. 419, 941. 1611111111 198, 191
Ε 446, 194. 474, 871 · 1661111111, 911

ede 96, 761. 97, 980. 991 1610101731466
9 11, 161. 91, 619. 96. 699 - 4886834411071433146
799. 99, 946, 111666 16116191, 819 16191191, 71. 1761 13704ι

 

