1 Ι
1 Ι.
r 7 - Ι

VOCABULORUM.

188ἶί3ἱῖ, 4,. 8882888811 rr 18ἕέ121116...,1,
decentior 354,405 decurrere 97, 569. 176, 656
‘ deceperat 976, 169 596· 666116Ι 178, 445
deceperit 167, 115 6611161464, 56 deducit 19, 166. 116, 911.
decepit 116, 191 111111611447, 166 145, 169. 171, 199. 961,
deceptaque 465, 81 detur 67, 715. Ι66, 568. 461.919,477.974,164
666671116119, 816 ’ 194, 917. 179, 689. 961, deducite 3.d , ·
decepto 196,114. 166, 916 611. 981, 486. 494, deducitur 164, 69 Ι
6666411111 96, 985. 146, 147. 899 deductas 115, 164
971, 116 decusque 91, 411 6661611447, 167
6666176466, 949 1111111111 989, 661 defurunt 96, 581. 166,
66661461 915, 111 dedecet 186, 689 669
decerpta 967, 649 dedecus 57, 475. 189, 668. 1611616959169
decerptaque 466, 949 155, 16. 918, 184. 957, 666111199486. 176, 465
decerptae 91, 645 198 deerant 18, 191
decertare 499, 864 666611111 971, 186 666111 8, 77. 85, 168
6666146,14. 69, ⁶22. 85, dederant 59, 946166, 996. deerit 451, 554
165. 161, 781 567, 651. 967, 81 deerunt 995, 819
deciderant 9, 166 6666111951, 919 defecerat 175, 566
deridere 167, 945 6666111 51, 965. 61, 556. deferta 191, 194
decidit 18, 968. 951, 999. 79,11ο. 118, 649.,119, 6616861199, 96
966, 569. 495, 847 ⁰⁶47· 173, 914. 169, 400. 66161661ιί1 966, 589
6661166991, 596 187,81. 946, 9. 949,79. defendere 178, 464. 949,
6666116186, 719. 944, 97. &alibi , 191 971, 118. 976,
971,1ο9. 979117 dederatque 159, 876.“ 948, 969, 916 ,
decimum 165, 186. 949, 166 6661166161989, 665
76. 989, 666 dedere 65, 675. 89, 167. defendit 114, 516. 156, 99
decipere 97, 587 88, 315. 168, 79. 168, defendite 269· 984. 976,
6161116181116 495· 337.735.4⁶2,612‚ 114,
decipiat 198, 495. 919, 617 1611111111164, 79
159 dederint 114, 691, 495, 66611116 976, 516. 469,
6161861911 93 814 770
decipis 1811 746 dederis 403, 91 6161166111915, 974
decipit 91, 491. 118, 788. dederit 989, 481 1611166975, 174
568, 164 “ 66661661 174, 957 6611111177, 69
declinat 191, 88. 967, 667 dedero 146, 516 deferre 96, 699
6668116145, 198 61611111 181, 755. 951, 66616158,117
6661611117, 206 334 1111111161, 198
6161116449117 dedi 15, 116. 111, 691. 6666661186» 56
666661 5, 99 971, 178. 974,159 destris 111, 166
declivibus 157, 591, 176, 6661116119,195.147,997 deficit 53, 382. 331, 597.
999 616116 69, 668. 147, 911. 955, 448
1611111116,491.179,487, 1419519. 496, 7411 6666111111 199, 491. 178,
164, 416 dedinent 181, 719. 191, 648. 966, 568.411,484
decolor 165,11 169 defigit 981, 496
66661 16, 488. 116, 798. 66611111 176, 578 66611914, 76
..111 ,., 1111 ⁷⁵³· ⁵³³· 1111111.
, . , .
666616 9417,’1819 6661111658, 619. 194,165. dederi-re 49, 3199. 457, ·
6111610616. 516411. 181111 . 4⁸2
3²² 666116, 51. 8,85. 11, 976, 6686111185,11
δ1116111. 816 181· 11. 453· ⁶3, 666. 666113. 714
‚terrm 54, 981. 141, 995. 617. 66, 695. 76, 788. 6681111171, 119
158, 98. 418, 684 76797. 88, 998. 91, 417. 1116661119. 239
ἇε616168, 167 6611617611. 661611164116, 99 ’
666161111611116, 945 deditque 79, 118 deformer 18, 966
&creseunt 96, 746. 51, deditus 999, 911 . 6616116158, 481 '3³'
191 66616611166,96 666611619199, 141 d‘
’.111116

Ι

 

