INDEX

6011181414, 569 507, 676. 515, 576 dusta- 85, 157
6011111511411, 459 dubitaret 151, 704 616ὶὶ9 551, 516
6011111111111511, 501 616ἰ111570,169 6116801560, 574 ·
6111176,151157,585. 115, 6118611185, 106. 109,155, 6161111411, 119

55. 1807716 119, 857. 158,116. 174, 61188011 165,Ι 57. 165164
1001110116. 411196 111- 191111· 101. 610 61611010· 111
6011109151, 711 ’61811111149181 611111566, 51
dracone 161, 190 61611181 100, 551 , ducumque 375, 176
6111071161561. 151, 715. 60111111 508, 697. 564, 7. ducunt 44, 111. 116. u·

199. 3⁶· 1141149 451, 540 411,161. 415, 165. 49,
dracones 116, 599, 605. 61111111 40, 44. 144, 610. 591,

197, 156. 150, 795 151,866.405,51.45ο,717 dudum 581, 457

15., 811 dubitet 169, 194 60811 151, 450. 179, 5111.
dumibus 133, 771. 104, dubito 98. 611. 185, 619. 167, 559

598 114, 681. 185717 dulcedine 55, 709. 146568
6110111101, 558 6161101170108 517, 170. 51649141)
draconum 197, 154 dubium 114, 545. 185, 678. 175
1111101185, 117 158, 441. 507, 659. 557, 6111111116, 757. 44976
Ῑ)171551, 196 717 dulci 560, 577. 415, 606
Dryadus 178, 455. 415, 6111611141167 6111ἱ911115,184

516 dubiusque 400, 940 61161175, 557
Βη1611149, 746 duc 454, 841. bu. dulcior 595, 795
Dryantaque 550, 190 6111145, 159. 59, 515. 98, 6111111448, 186
11711119 551, 511 601. 181, 761. 558, 517 0161811581, 415
o 1417167111 155, 507 60117511. 119, 108. 407, ·Ι)16111101591, 711
Dryope 167, 551. 556, 111, 408,111. 414, 511. 01161111111411, 116

541 454, 856 016181811568, 107
Dryopen 168, 564. bis. 6111011519, 911 dum 19, 514. 50, 551557
duabus 158, 81. 179, 484, 101.1..ι.189, 111 677. 11, 89. 491417

485. 197,145.157,414. 1011611189. 119. 418, 415. 147.Θ’111’61’916117111.

169. 660 111. 116 61011110 99. 101· 11. 111·
6119181, 168 6111111111;,514. 115,105. 4,,148. 55, 5576186
duarum 185, 680. 114, 701. 150, 114. 411, 116 plur.

283, 779 6111111401 96, 567, dummodo 240, 510. ²55¹
6111 6, 50. 116, 5851141, 1111111117, 555 5ο.171,478,569,151

567,, 325, 388, 583,647, ducemur 594, 787 61111551, 556

405, 56 6111111111 115,111. 177, 417. dumosaque 303, 555
duasque 588, 654 168, 558 duo 10, 555. 15, 468. 651
dubia 106, 44. 393, 754 6011161599, 911 610. 88, 51988161έὲ.
6716619777 269, 598. 777, ducere 22, 411. 95, 485. 9-, 6110611. 10. 11611, 565·

411 111·191.119·1111.1·11. 11. 111· 83· 0111661
61811119, 401 590, 699. 591, 706 169. 169, 191. 159, 471·
6161111174, 516 6111111150,159 347· 699. 15915. 517.
60166108, 508 61111561, 617. 565, 1 707. 515, 518. 455, 815.
6181111111, 15. 159, 475 6111119, 560 .. 441, 115
dubio 22. 39⁶· ¹40¹ 145· dueiuusquc 554, 6,·4. 457, 6106111587, 618

..15, 45. 791, 374· 551, 481 , 6111111136. 741- 11. 191·

5²2 60181.ος 154, 494 110, 159. 118, 575. 1419
dubioque 547, 61. 455, ducis 111, 15. 414, 506. 164. 1519560. 1701119·

457 471, 816 Ι ²73. 504. 186, 59. 4681
dubita 47101. 147, 575. ducit 18. 294· 11. ⁶49· 66. 740

280, 697 755. 98, 007. 110, 455, 61116, 45
·· 6061101537, 710 431161600114. ⁶7·- 61116 ¹09· ¹0³· 111116
dubitabile 15,115 117, 161. 511, 1. 567, 1084519118, 805111.
1711111194, 21 82 109. 111. 111. 718161
1111111467, 651 ducite 108, 519 510. 1611
60111111 5,·Ῐ, 461 ducitur 501, 457. 581, 451. 61111151 11613. 1371568
1111... ...9, 307. ..1, 01, 77. - 1111111111· 111. 111·
’740. 158, 445. 1977 5 57. 1110119117. 1931116 5³²·

 

