60066060606.

0, 57 deffendunt 66, 598. 660, destruitis 446, 655
600 · MMMMM
677, 760. 686, 80806866ομ7, 646 8686066665, 646

deserat 660, 855 8080068660 469 476
656, 566 desere 666, 477 95, 478 desunt 848· 676, 677. 655,
,668 deserere 657, 670 · 568 608, 560. .666, 666
464,5 580 8,080606456 755. 454468 806 77, 670. 86, 685, 686.
664, 546 esent 644 656. 656, 8.66 650, 40 ’664 657. 675,
mv mwmmss Μεω.
ιο 787 486 8080006665, 667 8065660647
78, 67 80806666 668 676 memque 876, 589
60464, 576 8080666665, 765 8060400660, 46
667, 47. 459, deserto 98 606. 666, 756 6060566660, 669

desertum 766, 64. 405, 800τί064665
865 660 800680560554,400
4, 600 deseruere 666 65, 66 8060660666 9, 66
648, 767 deseruit 67, 466. 665, 697. deterrere 249, 75οο
5, 668 668, 676. 407, 606 8060666666 705,
657, 480. 658, deserantque 670 664 80606686464, 6ἒῖς

80680066 469 685 806068 757, ⁸⁵74
08, 58 80868οκ6776, 545
44, 16 8088060560666, 731 80606680 647 756ος
‚4.1 680, 567 deflerent 645, 685. 676, 8066066047 ι Ι
mM9 MMM MmMMMM
7, 56 deflerat 46, 47. 660, 667. dens 174 756 ·
666, 586 648, 765. 758, 858 detorquet 680, 565
47, 54. 75, 6. 8086666665 607 detrahe t59, 564

Μῖ6064ωηο· &Mww
effimz uww &Mmm85

’,8 656. 56, 465. 80661666 606 686. 605, 775. 80666666 686, 776

ι665, 560 8066696 7761666 t Ἰ 666668661757460676 ’
ur 121,459 8086660 76, 866. 670, 665. demea· 644, 646
2M77n92wffww3w MMMMMM ,

definere 446, 657 ‘With 8956 793
3257, 83 8016666606647, 956 8888883888 ²49⁹ ⁷⁶9

,.606 666, 684 definis 667, 576 876000866764, ,
668, 766 desunt ¹3¹ 727. 656, 666 86666686666558,71 ,567
68, 577. 776, 8086860646, 708 8066166 67 ,90 706,

defiat 655, 567. 689, 67. detur 66, 675. 68, 507.
7,,750 666 706, 468. 566, 70 686, 545. 750, 665.
600, 676 466, 8088060706, 665 797, 867

80666656, 706. 456, 468 80668666 774, 656
665, 840 desolatam 745 Deucalion 69, 768. 60,
56, 600 80870686 666, 606 750
654, 640 8087608666 668, 664 465, ὓο606180006606756
5 6,.45 659 develat 684604
5, ,787 *00887 ·,886656 404 devellere 407, 665
,.567 706, 475 desperat 686 6767. 658, 76 8060686650, 757
7, 676 88 7066676, 6.06 46, 658 8060606656, 66
4. 678, 454. 786, 80 76600 756 8 7.5 467, 776 8060664660 674 570
7, 58.9 .,465 590 80 7660060770 504 806060 667 754
,76 576 despicit 76, 44. 696, 667. 80666 77 676. 90, 770
80660 066 deMMnn
6.,404 55 despondet 680 764 8066680657, 80
685, 67 770, 80666666 658 779. 476,7 806086066660, 574
8,.754 474, 870 8066667060 744, 606 8,060666656 867 784540
85, 66 dimit 656, 586. 707, devotaque 706, 464
55, 505 7467 -566 “mm 5776 550 “nm

 

