11611

706. 196, 303 11111193, 463. 164, 66. 408, famulis 96, 961. 179, 987.
1161901161, 106 111. 461, 613 414, 311
Mis 29, 966. 180, 933. fallitque 108, 94 301,919 1111016184,119.118,806
1683 368. 347, 173. 407, 1111111496, 474 {anulosque 184, 649 149.
- 168461, 991467, 733 1111161160, 699 791
11611901 313, 313. 436, 714 11111101171, 499 famulumque 97, 974
fiae, 11111. 11, 194. 66, 693. 111161 31, 667. 388, 641 11110101 131, 171. 311, 117
79, 9. 106, 694. 111,173. 1111011116, 491. 143,-977. 1111139770
170, 116. 173, 316. 104, 149, 691. 416, 397 111111 140, 131
40²· 1111. 408· 156. 111· 1111111. 811· 111. 111· 111 11. s:- ⁶4· 61111
464, 36 146,147.111, 619. 119, 767. 116, 418. 131411-
1166, 91111117. 30, 979. 91, 113199, 138193, 191. 184, 649. 174, 909119
314. 119, 731 199, 417 389. 181, 747. 474, 86,1
1180106149, 771 1111146, 37. 167,119 111901 181, 989. 179, 991
fastos 311, 18 111111 63, 631. 339, 661 11111901 113, 93
11180111, 91111117. 414, 313 11111111 14111. 396, 4713 11116901 371, 189
11ἂο111,11111.99, 619. 131, falsamque 460, 966 1111011416, 333
747.199,919. 143, 978, 11111900 119, 464 389, 1111011179, 961
144, 611. 164199. 196, 999 11110171, 836
’101 16111· 1111111 11111 16. 111 ῦς. 250- 1111511111.111-11.1
1168010176, 16 , 101, 366189, 19. 416, 11181311901464, 671
factus 88, 31631119, 697. 398 111101 431, 761
163, 379 116, 146. 316, 1111401441, 199 111163, 617. 64, 641. 69,
111 1111111111οὸ 65181. ¹7⁶· 9⁶. 111
11100111 347, 178 111111901181, 969 119, 970. 146, 198. 191,
facundia 166, 677. 108, 969. salzb 376, 308 534 ¹592 639. 181, 9701
166111· 1111111 11111111 111. 111 111. 1111641- ²0¹· 111·
11106611369, 117 11110111 139, 11. 119, 197. 1111161966.
11101606179, 469 197, 79 111111141, 181. 139, 417
’11106601 367, 91 1111111 199, 14 - 176, 411. 379, 381
fagineus 149, 693 111111 91, 168. 116, 309. 1111111111 466, 994 1
1190146, 669 144, 296. 149, 161. 197, 11111188,316.“ 111989.Ἂῆ
11301188, 91 980. 161, 36. 171,167. 103
1111111101, 681 131, 167. 199, 177. 166, 1111111178,493. 438, 94
· falcato 39,717. 131, 717 316. 178, 669. 186, 49. 1111111461, 601 ·
11111101319, 119 1111161. fataliter 343, 67’
11411 394, 766. 416, 618. 111111 88, 339. 96, 946. 199, 111111101174, 318
417, 646, 649 141. 343, 86 499, 98, 1111611111631. 116,,-48
falcifera 399, 936 479, 878 fan-bere 436, 713
, 111611197,117.169,383 111111901189,Ι 18 111181101174, 919
1111161199, 638 11161194, 146. 109, 941. 1111861114, 396. 196, 93.
11111611117, 168. 370, 164 179, 999. 436, 731 408, 114. 439, 844
fallacibus 496, 476 11101111 94911. 14, 449 11116101 108, 76. 139, 491
1111111111 111. 111 81111111111115. 11 111» 111
'fallacis 73, 1. 391,711 111111 141, 169. 190, 784. 11111100 394, 407
1111111314, 84 191, 843 1111111101161, 318
11111186, 171. 169, 118 1111119111 319, 369. 366, 91 fatentis 179, 966
111111 11, 391. 100, 316. famem 316,119. 319, 371. fatentur 99, 389. 131, 17·
317, 430 411,116.491,399· 111161116,11·. 168, 311
11111180, 696 1111101131, 814. 191, 849. 3119043. 364, 16. 371,
1111111134, 698 441, 138 189. 419,446
fallente 163, 66 11111011 113, 119. 411, 1011111119,718
fallere 108, 89. 111, 17·. 160 111111 96, 998. 136, 619·
146, 369. 193, 480148, 1111011111461, 997 196, 99474, 919119,
7²1. 198, 116. 381, 461 famulas 113, 110 9441979416. 319944
[1118111311696. 18ο,8ῡ9 1101111114ος 104, 9. 166, 1111101 177, 637, ’194, 151-
11111119, 837 35 · 3²9¹ 49²· 3⁶4, 3¹7· 913,
ί8111888295. ²87 11111011 101, 694. 418, 418, 896
’88111111 ¹⁶⁶2¹¹⁷ 111. 141 1111 111. 111. 161. 111

441

 

