76633330333·
Auli 33993, 383 . 338, 699, 69863644 393, 966 394996. 398,

33643 63, 933 396, 698 343, 389. 368, ..89 393, 449. 389, 39. ·
3363333494, 439 366. 399, 488. a ’3667 399, 399. 939, 399. 999, ,

nvos 893,490 ’ 7 9337339763 393
¹ 33333 39 ,963 38, 939. 89, 33369633 396, 339. 449, 333 38, 399, 398. 39, 939.

369. 9, 669. 369, 39 936 33, ,93, 99433373879381

¹30›673 3337 amo. 63336 437 ¹¹³ 4ς ¹44 30

399, 969. 369, 899336, 863,96.· 368, 83. 338, 333333393, 384. 399, 349, “
348. 339, 399, 363. 396, 696. 394446. 369, 48. 0733 494 0873 845 433,

fflmfflw⁶w·mmwfflmm49
m2mfflw mmm’mmmwmffi .

3330 36, 399. 336, 948. 338. 464, 669 - 833679333939, 939
339, 833 Aurora 83, 384. 338, 696 8333633333 83 398

anteque 399, 399. 336,7 339, 899. 986, 996, 994 8336337363,’936

557 3333633339, 63. 933, 396. autumnalia 349, 669. 999,

333333 49, 39449363. 96, 999. 998 836
366. 63, 989. 69, 933. aurum 96, 393. 68, 994 33333336 363 939

fflwmwnuw ⁶m77mmmmmnmmn

96. 98, 363. 99, 333. 33. 364, 68. 394, 363. 398, 499
89, 398. 333, 498. et 36367 396, 339. 369, 469. 396, autumnum 398, 93,

4¹1· 0863 27¹· 8073 076 00υο10000403 08· 4463008 “

33336399, 93 ’ 939, 369. 936, 336. 966, 333763 984, 936.
'nummum 15 66 989, 999. 433, 396. avulsumque 102 939
3333333433 349 963 439, 994· avumque 3387 386
4337439434, ²⁶3 3333333433 307, 669 33333 96, 964. 369, 399,
tuntum 25 496 33639, 489. 68, 943. 99, 396. 368, 996. 386 968.
Ι3333 93, 933. 69, 634 99, 868. 396, 333. 393, 836. 305, 666

649 393, 468. 399, 439 33333333 396 869
aurea 8, 89 49, 369. 69, aust 339463. 394, 398 auxerunt 746, 963

939. 399, 963. 399, 399. 3383333 369 99 . 3 auxiliare 394 398

434, 6.99 295, ²77· 300, 33363393 ,369. 301, 460 . auxiliarium, 399

448 307, 650 3¹55 109, au [37333389 ,,969 994, 77 miliaribus 17, 275. 1779

339. 936,338, 343. 446, ausu 364, 84 399, 398. 434

96 7964, 693. 469963 Γ966, 646. 933, 33 3333733333 386 698
3339337394, 393 33733999, 393 3333733988, 648

wem 349, 994 363, 3 3376936343 - 6333736 949 9ο 366572 Ι.

&mmm οΜΜ,ψ mem

333333 34, 333. 83, 399. 93, 63763733 493, 986 463, 0080000003 800· 0807 008 ·

’463 363, 693. 366, 43. 647 0403 ι70· 7807 80 0003
368, 77. 334, 393. 343, 83663773434, 936 969, 969. 999, 939. 493,

399 344, 396 394, 488 74366336 348 996 989. 463, 696, 469, 649 -

396, 963. 334, 694. 338, Ausonum 993 968 3337773739333 63, 9776. 394,
mmvss 7ωψοψω73 Μω7ὠ

399, 693. 398, 983. 939, 836337333469, 99 axe 4¹ 99. 333, 334

157, 394, 399 938, 386, 3337633333 399, 636· 33333393,399. 99,936’
mwumm mmmm ω37ωώω
33337933999, 499 33797376384, 8 0 3373 36, 399. 43, 75. 49,
mmmwnmfflwwn›wumu ¹w·mw

399, 93. 366, 339 339, 3 3839733344393

66ἅ3833ω ffi“5m’ m m, 3

3334373376 3896, 63 389, 336. 3337776’,μ9 66. 145, 389. 938, ’ “ Β·
mmmm½⁸ m

5¹⁶ 33378 363 649, 666. 993, Β87799763373 366, 44. 498,
1110000ςῆ317 {²⁵ 22, 888 836 lon 333 8
:zulffieffiszslgy :gfiartsslvems 195 848, 346. 833303 346 4696'4²⁴
wwwmw2mswm7ww mmmm

999. ’96, 93. 339, 633 33733 93, 393. 64, 649.- 83333389, 336 mm

7

 

