8.

⁸ 1
6
1 ι ⁴ Ι
o .
6
4 .

-INDEX

116110 303, 634

radiabant 39,4

11611110111,634

radiantia 183, 310. 3100,
1

116111611811163, 131Ι

111111141116,

radiare 313, 113

, 1161111910111, 193

radice 33, 349. 114, 169.
wmfflmm

mmmnmfi
9110·1110-60

- 1

1118ςί111 61, 383. 198,164

radicibus 18, 331. 114, 34.
·mmmffl

1161111411, 633

1161131, 313

116111 3, 61. 33, 368. 46,
131. 108, 81. 113,141.
163, 36. 118, 809. 183,

“ 79⁴· 333· 594

, 11610114, 133

“ 1161011111 113, 141
11610140, 41. 44, 114. 108,
radiosque 104, 411
1116111163,130
radix 109, 116. 181, 333.

136, 666. 301, 491. 314,

” mni 130, 390. 149, 360.

Qmmw
111111 18, 303. 19, 366.

34, 363. 110,138. 131,

746. 346, 193199. 111,

386. 111, 611, 630. 131,
ἔᾌππωω
1111111911 111, 619
11110198, 131. 330168
1111101183 330. 19, 333. 33,

- 331. 319. 118, 333. 118,
N 0381146361. 148713.
161, 343. 311, 19. 311,
8111334411. 393, 811. ’ἅ
M 1.

1111101911 168, 361

· , ramosi 130, 133

1110111133, 33

ramum 138, 461. 333, 441.
4072 ¹¹4

111111111910108, 498

ramus 91, 410. 133, 410

· 11111133, 381

8811ἑῖ 452, {75

Ι maribus 141, 340

1191111130, 143

’ rapere 138, 464

0111111111· 1111141 ametque 301· 54⁰
119101 113,’496
rapi 114, 301, 400, 946. 1131111101, 311
κωθ ψωωηῦή
rapiam 183, 613 131 , ·
rapiare 416, 333 1131111191οη8, ’336
114161183,109 330,134 114161199189 133, 361.
1131161144,113 3 311, 11. 313, 33. 331,
rapidas 189, 6. 138, 104 101 1
mmmmmmmmmw
ww ”mmmmm
1191611911 ς, 36 394, 333
1191616111 63, 316 1111 11, 443. ¹7²· 434 361,
rapido 100, 316 600. 413, 333

1191611184141. 136, 399 1111130, 800
wwmm mmm
vaiet 101. m 11691111, 337
rapimur 380, 420 , raris 242. 363
1193111 133, 491. 183, 16 1161313111 111, 611, 366,
86136 5
rapior 139, 491 1110368, 113
rapis 336, 636 11111338, 366
’81817811688 38138811 ’
ψωωημμώψω ³
mmmmmfflwmfi
131 1188111394, 363
1141110101, 694 86880913 9, 101
1141111119, 311. 41, 30. 196, rastrorumque 1, 183
111 rata 118, 3. 480, 301
rapiunt 18, 183. 90, 334. 439813. 464, 683
341113 111188, 341. 114, 343
1141111911· 43, 103 rate 19, 319. 463, 693
rapu ¹³⁶· 11- ¹55· 520· 100,1ι.ςς,.,11.411
430. 446,133. 433, 441 - 111416166Ῐῒ 4⁴7⁶? 6916, 143.
11411184, 631. 191149. 331, 3. 341, 63. 3646
awwwmm mwwwm
wwss fflffim
raptaque 139, 110 130, 1111410181
3134 1166111116, 833
rapte 114, 300. 131, 830. udansque 191, 63
139, ¹33 1111011034, 688. 111, 183.
raptaque 183, 398 189, 409. 169, 10- 3681
raptam 140, 133. 138, 464 631419, 301 .;
mm rmwmw·
1141111410 131, 413. 349, raris 101, ⁶87· 131, 301
23¹· 111141 1111111· 3302 6181836
119111173,430. 393, 731 303
1131111149, 234 11801411, 130
11911111910348, 113 11111130, 633. 141, 109
11411410, 410 119, 841
raptis 49, ²3⁷ rauca 133, 377. 339, 383
rapto 11, 444. 113, 330. raucaque 160, 638
140, 304. 311, 191 11111111, 391
rapu-r 130, 401. 160, 318. rauco 38, 484. 133, 601
186, 310 131, 183. 983, 363. 4161
1191111361, 609 y 102
11911111 138, ,338 .

πωὼωψ,

wwmw

m

 

