Ι 100110101010
110433. 18914 1013600801 117 5¹²· 8811 G

601161430317

;31, 383 6081904181, 393 91111373, 738. 394,
141,14119981116111198111 181 111. 118 116

6010901181, 736 839. 4981, 863, 869. 398,
8,718.131,710 81111178,93. 79, 111. 9, 880,8 89

34, 4238 6.13 141, 170. 131, 818. 011018101166, 316

13, 318 339, 791. 36, 478 383, (1111011111 166 306
’01 148, 36.1 434, 347, 401,9 419, 431. 3’1111 193,111.111, 16,
11411618 ' 811881881811611111·1118639888141141968,
m& fwwwws·m

8661667· 91861116893873543 8686668664864961686

60101110 19, 10· 419, 3111169111 96, 341. 336,

197, 148. 811, 394, 701

417. 383, 490 6111011164, 6498176, 381. (8111840118, 333

141, 940 176, 601 01131103, 11. 137, 47
90181171 furoribus 110, 431 0111316111 49 149

1116178, ,169 601011618 89, 330. 6179,ο 480. (1111311111 184 ,6366

1711181, 183. 188, 6111318315,8 6061616696. 73,6 gssssedmgg, ¹⁷⁵5

111,607.139,484. 71101764. 101, 339. (013171818913689

540· 184, 118 411, Ἡ1311933 168111 1121184261, 14189 ,760

177, 430. 110, 6811198111ιῖ 174 311181ἰῆ8760, 678
11118181, 91111, 111 11111111441491· 111

10140, 311 133, 776. 338, 760. 413, 3109111307,

8131081 ‚my 384, 313 6118185368, 104 ¹ 318888881861764131, 8613,ς

696 6061901763, 31 31111171, 73 748, 440, “

191,199 6111611116, 317 87

00, 679 6111083166 31081111 316 119

110, 373 6111990166, 710 3109111137, ,83139113

110, 471 furtum 39, 413. 66, 687. 361, 607. 441,119

11191. 116 111, 919 1116111141, 19

331, 384 60110133, 341 31061 t 13, 133. 4 131,

19, 8811, 41 11641141, 186 96, 411 11811·

323, 378 fusco 113111. 3119147. 138.139,179.193,187.

8, 411 9,11111 911· 946· 411, 991· 473·-

03, 399 10111719, 116 · 837

149, 73 Ι 80101404, 36 3108111183,791.186,39.

19, 449 6060111161,11 341 19

39, 4184439731 futura 16148. 63, 660. 3114111901 313, 106. 443,

11,1.41 88198· 186, 5⁵3· 116, 141

47, 700 ¹ · 486 3⁶8‚n⁶ ’ 310141117,330. 118, 368.

01, 716136, 391 10101181, 191 180, 314. 184, 637, 660. “

11 136, 13. 377, futuri 78, 104. 167, 137. 106,.433109,313.118,
191,96. 138,463. 171, 800. 130,138. ,137 410.

01349131 413. 318, 437. 78, 36.3 171, 481. 317, 710. 347,

11, 141 411181411, 19111, 118· 911189184461

113, 306 834 31νί6118 0, 708

84, 637 6090111308, 684 3111101343116 ·

701181, 391 601010137, 409 31111 47, 100. 418, 417.

1116484.139,481. 60100100391,711 449, 310

11 6010101460, 339 . 3111111441, 133

11 113,107.177, 6110101036, 733 3111111901ηο496

407,107 1010111181,756 361818118613131,433Μ

 

