11011

101, 707. 114,170. 176, 6117711776, 470
470117, 760.161,7.46 6117711711 376 476
ΜΜΜΜ·Μ1ΑΜΜΜ1
οΜ46ΜΜ6Μ1Μ4Μ1Μ6
417, 703 6111771111177, 110
1616111117, 461. 33, 617. 6111771141,164
104, 177. 110, 176111, 1111611417, 330
191. 114, 176. 171 ., 7·.6 611717161171, 161
174, 716. 174, 416 706, 6111711711 174 314
439 3041 577· 3331760 077000 349 045

εΜΜ-Μυ 411111111111111111
1111017 116, 661. 114, 75 ,4,107111111773764

160, 1,4. 176 774. 176, 6117110117 7, ,07
671.1176,717.1717,4416.111 13, 17617, 117.16,
776, 7177 777. 7ο, 766. A& 1171 quan
111017611114,17771’111.
11111171 16 740. 71, 636. 6117111111οὸ, 461,461
1”’66,167 114. 171. 173, 6111771171, 417
177176, 777. 76,611111111111471776
6111.1·’11111701, 716 661ἶ6514704’,’7’197. 177, 407
Α1117717111117611176,77 Antaeu 237, 461
Amphion 171, 171 611.· 7177111711, 414. 770, 660.
61177170111176, 401 Α7,.40 116
Amphione 176, 111 611717511366, 646

146176176671474,417·111711111 16, 197. 447,

“ 6111751661 467, 703 ,67

Αη177115701166,776 1111777111176117ᾖ6 397

6111767117·011166,111 1111711154111 41, 176

.1117·.71“1.·1,1·..171.71111177, 1417 111177711771,7·,

6111771717114, 14 6111111101 1675, 337166,

611761177177, 11. 9 363

6107711611μο 760 6117111111 1117747, 337

111177ιέ71111 167 300 60·1υ1111·1,1106 458

' 1111771617 67,174.117, 6111711·111.·171111117,677. 171,

1166167411· 1,76 667 6116161 167, 469.’ 769,

111771677141111141, 707 661

1117711711111177,461.186, 6110101167,66ς
707171, 616. 714,6.7 611101314, 746
ΜΜΜΠΜΜὼηΒ
vmwb ΜΜΜ

1111717111 149, 764171,67.1114113667186
1446171117171777,1111111147, 177, 749
737 anguem 113,11.116,

11171111171,111017 179 794177, 611171,

,1111771111 380, 417 7. 177, 75

amplexibus 313, 164. 174, 11761114111116, 161 Ι
147. 397, 661 1170111611, 474. 117, 477.

11·7110137,107 111, 17. 174, 7171, 807.

11111 11119111 40, 42. 167, 177, 641. 196117
617 ,·,·11111517111710, 11

1111611111 67, 627. 116,ς·77 1711117111176, 730
111, 616116, 177170,1117111011111,6677
..1.,74 737 319,116.1111111111111111131741
547106 ²⁰3¹ ¹¹3 191111·
101771· 1171711116 479 1114677116611117, 164
3333... 114177. 719,1.17117176,..71 116, 767,
46 23⁸‚mm3m

‚7

”3³32 ὥς, 87166,
ff& .
1171161467, 706
”563836513610 177.

1171175661 6, 79

11711171 1165, 677

‘anhelim3108,72.138.¹

²¹⁰» 555 6071555
·ΜΜΜ
16111700 474,416

6171171417, 719
61777101 447,161
1171111166, 177. 16747
aniles 167’, 176
&mm-&W
1111711471, 766 “
1111116111 406 96

wmwmm
ι71,177.171,17017
43;13416·434011771

1611114111 71, 711

1117111167, 61111115
177, 406 166, 417

Qmmw

m2fflmm

ΜΜΜ
animmque 164, 64416
ῑῦ555555 817614061555

1175151561 6566557, 4164
17,4 464 111, 67511
Μ1ΜΜΜ1

...833⁵⁰1³2,⁴⁵¹’‚{3³ 1

174 117, 111. 17111
1817 777. 385, 6167
791, 604. 110, 6611
707.161,13611711“
ΜΜ·ΜΜ6
“mmm
QMsswssmu

animantem 440, 70
animantibus 7, 71
107111ιῦ440770
animas 11, 764. 117,·
mmmm
1111611461 325, 766
animasse 11, 176
1117111141· ,4, ,766
2333333333 117, 017
1111711710, 377, 47, 5.·
m·m3ffiW
616. 164, 671. 21.11 5
m3u3mW
587 231115· 3555Ι

5

 

