vo'cuauuowm. -

4665637
58, 598
49665
1¹²4¹4i 3071
,05575460
584, 660 “·
que 587, 608
suus
queaqo,238
*¹¹¹ 575476
‘52’ 304· ¹372 44
55, 400. 566, 747.
46545855
u⁰21552543
¹90, 4⁶· 454. 546
u· 45· 454. 466
560,575
,0568777
5555578, 67
6776, 687
5599, 596
n 55. 555· 255. 456
oque 400, 975
545. 656· 555. 564
e 55, 777. 47, 505. 76,
89, 777. 550, 564.
,5564656446
ic 46, 585. 577, 779.
577
6666845739
56. 545· 45. ¹43· 454.
. 580, 759. 777, 776.
,578 458, 457. 460,
5, 768
r37o,157
88 405771
¹3
5, 698
⁰⁵ 3912705
is289‚123
t 59, 758. 70, 567.
808864

8
ε56055
6⁶, ⁶81· ¹34, ³00·
’, 758. 599, 455. 775,

>⁴ 3392 78⁶
5 564, 65

5795867055

5655650505 68, 778. 7ο, 797.
86, 585. 555, 558. 568,
548. 586, 700. 589, 55.

. 558, 806. 554, 84. 575,

857. 560, 546. 577,Ι 706.
545. 455. 656

“ thalamosque 55 5, 754. 706,

650
thalamumque 556, 758
Thaumantea 477, 845
Thaumantias 555, 480
’8650505056605 775, 647
Thaumas 775, 707
theatris 79,555
5655550755, 57
Theba 96, 777. 569, 407.
missamissa?
Thebai 96, 749. 544, 577.
344,110
’865665 96, 765. 559, 456.
555. 7⁶8· 555. 654
Themesesque 467, 707
’865550655,779
Themin 59, 755
Themin 128, 647. 557, 767.
569, 407. 570, 458
Theridamas 84, 577
Thermodonque 49, 549
Thermodontiaca 765, 655
Thermodontiaco 565, 589
Theron 83, 555
Thefsel ³⁹0, ⁶82, 683
Thersites 777, 577
’8656556οι 545, 585

8165666535Ξῆ, 568

Theseius 477, 495

Theseu 507, 477

Theseus 504, 454. 507, 455.
575, 707. 545, 546. 545,
565· 54 . 27⁷· 555. 555·

455. 656
Thessala 596, m

Thessalidum 747, 590
Thessalus 549, 768

, Thisbeaa 755, 700 -
Thisbes 509, 55 ς. 550, 547
Thomas 540, 547
Thoanti· 780, 799
Τ 650605 774, 579
Thous 84, 550
Thracium, 594 “
Thracesque 185, 685
Thracia 78, 477

Α Thracius 584, 667. 755,

8695606505 587, 87, 785,476.

787. 767. 789, 658
Threiciam 567, 87

- Threiciis 784, 778

Threicio 547, 576. 785,

8645660605 577, 454. 755, 5

thura 56, 549. 75, 587. 568,
565. 594, 565. 555, 789.
560, 5 79. 596, 708. 708,
665· 555. 555· 566656·
460555

thuraque 505, 777. 504, 11·
568, 564

thure 568, 575. 575, 577.
788,676

thurea 554, 577

Thurinosque 478, 75

thurii 555, 795. 575, 566.

4638688888

8

’86758565 476, 465 .

56 056 440, 80

86700505505, 57 ·

Τ67560 505, 755. 577, 640

95, 707. 795, 758. Theseum, 567. 548, 756. thyrsos 96, 745. 504, 7755,

58
tiaris 758, 585

66655555· 555. 566· 546.
5686554655 577, 765

Tiberinaque 567, 758
Tiberium 456, 654

’86656865 ‘a 74, 475. 465, 654
8655565458, 457. 459448 . ,
tigno 111, 579 555. 648
tigres 58, 707. 500, 668Ι “

65, 774. 770, 754. ’8655855655 577, 704. 577, 567586959575. 577,655

i, §31

4³4 “

tigridis 750, 547 i

ai 87, 567. 504, 407. ’8655855578475579477 tigria 83, 2¹7· 545, 564. .

'u 317· 300, 456
uque 455. 432· 454.
s· 304, 57¹

iia 550, 876. 557,

Thestius 579, 487
Thestorides 745, 59, 57
Theti 750, 577
Thetidis 759, 556

584, 677. 565, 507
tisim¹ 588, 95
timeam 55, 576. 590, 47

timeus 303, 5'42. 429» ⁶95

5. 705, 469. 708,707. Thetis 45, 69. 755, 564. timeat 2⁶8,389

5, 570·
00 79, 756

756, 400
>Thisbe 107, 77. 508, 75.

ioque 559450. 567, 5055. 566. 643’

timebam 776, 694 ' Ι
timebant 8, 95. 457, ςςς
timenda 455, 576 1 .

854

 

