'VOCABULORUNL

11431104 436 466

44304193184

vagus 346, 408. 448, 680

vale 54, 363. 894, 301 bis.
108, 79. 48,ο 309. 468,
384. 486, 64. 498, 380.

ΜΜΜΜΜ
4464104416, 364
14114900 344, 60
vani 248, 741
114414 479 681

ΜΜ

Ι11636,81’19 6886.

06014446, 344. 468, 338
0646606874, 348
06010441, 117

348, 460. 380, 440. 400, 14140419, 834. 464, 448 uberibus 76 31 ·

Μ
valeque 447, 747
valeant 193, 437. 373,4 86.

wlff? 1436,8 449

valens 83, 444. 438, 4084

Ι464, ,439 443, 407, 443

va ent 93, 333
valentes 141, 474

valentior 437, 74
“ 4141001184 349, 481
114100 364, 44
valerem 271, 433
valet 44, 60. 47, 494. 406,

οΜΜοΜο·
ww

valetque 344, 144

1411411437, 404

validi 473, 340 461, 486

441111904444, 449

validis 643, 443

0111111140 183 678

4411110 434, 444. 493, 443.
413, 4

4011109οὣ577 64 489, 9

0417889601800, 316

validum 498, 464. 338,

1111731ἑ3416,4 464. 183, 664.

1411010447 466

0411046, 43. 30, 436. 486,

44181604360,506·.418 423
319, 81937478, 667. 666,

1141114 81, 433. 434, 334.

mm
vallum 232, 486

1141144111, 483
11410610 444, 343. 367, 89.

379» 393
valvis 12, 474. 433, 764

100111441369, 148
1141011344, 401. 408, 114.

mm

vanum 64 397. 96, 339

vm2mmwmu

1460948604 84, 434194,

· 103

vaporis 334, 630
vm 333, 384

, varas 436, 33

0411411401 336, 463

. 0411410 33, 444

1411411146, 378
1441410080143. 403, 40.

- mm

varias 333, 613
10141900 413, 467

1411141437, 414 446, 433

41114104 339, 339

variis 433, 461

1441047, 493. 106, 39 470,
ffl·fflm

141104 47, 470. 147, 619.
460, 134. 489, 143. 490,
446

04104166, 114

141101910479, 690

14114 39, 340. 148, 346.

· ΜΜΜΜΜ

134

vastarumque 47, 194

1411141, 60

0411101349, 436

14111114· 34, 330

11110 78 89. 449, 647. 471,
⁸09

ustum 349, 436. 449,

mwmfflmm

0110111900344, 87

114141 89, 348. 417, 766.
470, 407. 483, 14. 490,
143. 311, 4. 340, 449.
mmmm&
1114551415 ·

4411604 447, 484·

vaticinata 468, 159
vaticinatus 104, 9
1140111101449, 773

06041114 438 8103
ubi35.8 32 48, 494, 307 19,
07110 16191141ομ44.
0610011900 416 736
0619044444. 449, 448 ,
ΜΜΜ

1161090083, 448. qm„ ¹
14004114 348 447

100014 146 494

vesta 159, 644. 309, 717“

111614640101436, 374

&mm
ssssmffl

446104 49, 349. 448, 360.
Μ6οΜΜ
1641114 1443, 361

1140139, 43 -

14111118, 304, 303. 50, 431,.

10140496, ι16464. bis. 48, 346.
111.- Ι,1..’ ⁶'⁰ ⁵⁴⁴ ⁵³⁸ ³

velam, 134. 99,63. ιοο,
669 443, 664448, 473.
ΜΜΜΜΜΨ
4ξ7 3310519 3714724·
38,0 4018191337418·

10114660 400, 663

velamenta 321, 479

velamina 37, 460. 108104.
409, 443. 417, 343. 437,
394. 484, 366. 440, 338.

ffimmffiw»

1014101110 84, 194. 304, 378.
333, 611

, velant 443, 637. 308, 699

1010090044, 398
velantibus 106, 43
velue 348, 181. 344, 479 '
0414184, 497
1141414407, 468
14141441 100. 667
velate 41, 384
4104 406 97
11101900 306 33

. vana 433, 346. 431, 843. 1411. 63, 347. 314, 8. 343, 1041410 439, 410. 484,4 4.

439, 141. 466, 303. 484,

38

3⁶}2859

muwmmwmmmwmwwmm

4411

 

