34¹· umor·

1616 161, 391. 416, 661. 441,
11

1616619, 396, 166, xeo

1161661169366

vidamumo, 346

1161613991

1616611411 133, 466. 363, 39.
,116414 ·

1611111177, 76. 131, 436

1161114 71, 616 '

1151116169, 111

vif-..mit 31. 1113

1616111646, 616. 666, 166.
,3.15.. 611· 141. 11

111111 194, 144

16ῑὲ6 176, 466

1616411411· 641

’66666 ¹07³ ⁶7· ²09· ⁵33

4661119111 111, 166

1611361471

*1661139116

16116146, ru

1Ξ114111161.776

1111111646

1611116346. 131

16τί1119419. 366, 643

66116163. 614. ⁴3⁶· 464

1611661199167

6116111317ςό

vivi 131, 744. 364, 366.
aewmmh

16113116 164, 644. 196,

*itm 1645111

ssaefnqffess'l'ostss

1111613416

6611161 1·4 1141416

vimis 1,114

16111415. 671

66411169,13,14

61161 173369

6111137131

vire 161,136. 199, 41)

1611641174, 146

6611111346, 118

1611611441, 136

1111661416,194

&me 141, 163. 114, 666.
6641250· 6661633· 3⁴⁶·
1· 111· 16· 164. 5²7·
Ι4411111116491

1111111366. 37. 311, 441

1311111311

,1111 -14, 2·

41117, ,14 73, 111. 91,

6

11611

40¹· 364, 366. 311, 191. 66111149, 746
366, 393. 361, 617. 366, ulnis 116, 647. 676, 631.
51116. 116· 411. 441· 114. 61
411· 114 1111116» 111
vivitur 347,166 ultaque 164, 397
1116147.11,139.113,3ο6 alteritas 31, 361. Ι413.
141. 111- 1544113111 73, 611· 11. 41· 16..
,1611151611 41· 111· 411 1611111
1111151114 1141611· 141· 114461.
vivosque 361, 465 575
1111111113, 146. 361, 311. ultim 3, 31. 1611111.
419, 713 136 41, 67. 66, 13344,
1Ξ1·ιι111699,461 499. 161, 766. 113, 316
111611466441, 139 116, 631. 141, 131. 167,
vivus 176, 467 117. 173, 196. 66 11161
vis-usquc 146, 494 6161114961 399, 913
1117, 36, 69. 43, 66. 31, 6161111363, 494
161. 37, 446. 1466667111. ultimus 33, 716. 39, 311
11141631, 197. 7ο. 796. 171,161. 113, 361. 416,
96. 669. 161, 669. 616 416. 416, 661
anf. 11116177, 36. 1361 16. 1464
6111161166, 373 136. 331, 341. 431, 731
vixisse 163, 36 alterumn, 161
11116146, 361 6116114441, 113
muscum 361, 663. 4ο4,·1161 16, 336. 33, 666
36 131, 736. 141, 16646
1116ῐεί 136, 441. 363, 346 mhi.
ulciscitur 166, 436. 363, ultricibus 61, 196
314 11111661, 366. 91, 436. 433,
61116161 139, 463 799 ’
1161111111· 46411· 17. ultroque 111. 6ος· 4461
⁵⁸5· 1431411· 1611511· 461
661, 341. 166, 463. 116, 61161316, 194
336. 111, 663. 114, 76. ultusque 176, 467
Ξέἰῖ ⁸⁶⁸· ²¹⁷‘ ⁶¹⁶ Β :itm-:⁹⁹25
. ‚‚
166445. 114 111411 114. ,145
1611111646 11111141.611·411.111
um. 136, 116. 471, 611 ululare 119, 464
1111146,174. 69, 761. 116, munisse 277, 641. 476.
1 1 ,
616149,161. 111,3 6. 114, 1161616611 61, 179. 33. 316
77. 346166. 446196 161, 766. 1991361361
16111661· 1646114111 441· 411. 411 ,
319. 333161. 314, 366. 1111114111 161, 713. 361,
1 ¹ Ι
1163641. 111 66661461.61·1.”4·144 ¹
1161611161. 376. 257, 70. 0676616469,1341,416,671 1
199, 463. 361, 461. 466. 61136111 416, 191. 366, 66
1161661161, 346. 166, 431. 61166666 326441, 6, 14, 16. 366,
1114164111611 61· 16111. 51611
611111 166. lto 377,341. 383, 463. 413,
11111616,196. 61, 337. 416, 2⁶20
663 61134161 376, 364. 4149166
16119416, 661 usk-n 91, 434. 131, eg!
6ἷ1

 

