777777777777

6677777976. 774667 777· 779, 477 799, 477. 7677777, 4767777677

Α6ε767,774.777,777 776, 449. 747, 477 7776, 7667779· 767, 7697797,
. Α677764,777777,777 777. 477, 777. 479, 779 797· 796, 777. 777,ς67
mmmmm 77777 77777 7774 Ι777 747766 ··747.ι76 7467
Α6777777777,777 747. 779, 677. 767, 77 767777, 947. 3⁶⁷2&-
767777,4 . 764, 67. 796, 777 776, 769, 6.67 76679. 996,
Α6 ⁶²8⁰839¹²7¹5 Η fif* 776, 777, 497,774 976. 477, 808

&885m·m mmmmpfflmmffl&
9777, 747 7777777 7 7777777697 796 6666666 49

7477 979, 777. 744, 777 7677777 767,67 6677767777767477, 779

777. ⁵00· 7777 777· 4667 :girvum 767Ι m‘guffl'b, Ἣ
767747 777. 797676 67ῗ6ξ7ἒῗ6,47497 677.4 673677 ’
nautia 67977777, 776 7641777796, 796 966777 77 767
7677677776. 77 66666747 7477 777· 7767 *6666 477 667
2R088⁶12⁸³⁷⁵8⁸7⁷³ 6677 4777777 777 667666ἒῖ7767
76777 7,.67ῇέι7 977, 777. :ddunt 17⁵5, 967. 776, 7667 76677794779

mmmmw²wm fflw⁶·mm
777 76677779 7744, 777 776, 796. 76474. 766, ,
9677777, 767. 77· ,,677 7677996446 776
7676977797, 182 7467779774, ⁶28 7667777997 o, 694
Qum 96, 557 76777 477, 777 adheret 764, 647
&mmmmm fflm‚m
7777469, 776 ademit 777, 747 776. 76, 7667677777, 96 777, 964
mmwmnurmn 6Μ6ψ7ψ
¹²⁶·ss 76687777 774 7747 66677777. 467 7777 677 :mmmm
RQmRWQ wemwvmmm ffimfflvffl
77776 77 477. 74, 6799 67, :denum 777777 7667677797, 776. 7697767,
7777777, 799 ademto· 64 644 776, 447
7777764774. 764776. 769, 7777777747,777 . 76777777 794, 77
585 76777797 66, 797 76ὴί67776 446 , 776
7777777749, 767 777777, 796. 747, 777. 777, 766764, 77. 77, 777. 77,,
777777 747,7ο4 767, 76 796. 764,67. 77,6 476. 776, ,79,774. 7777666976- .
monam-2851? 776, 477. 794, 777 47 dphur
76 7,4. 7, 67. 8 8 77, 777 7677777777767. 777,796
77667667 quau 7477 adepta 776, 777 adibat 776, 766
aa& 797, 774 aderam 767, 744. 766, 779 767εεί 976, 677
76767777, 777. 77767477 adeamus 746,777 7777767 466, 776
«1676779677 adeunt 776, 796. 777, ,.467 7676767767, 474
767777797777, 674 94, 777 7677777 777777, 775769
7677777777 797774 767777 69, 679 767767977799, 799
7647777777, 767 :dent 796, 779. 774474 7776777777,774
7977777777 747, 797. 477, 774, 67. 766, 307. 767, ndum 744, 676. 469647
776 227 ³¹⁷· ¹⁶²· 7467776 7666777767
76677 797, 776 767777 79, 767 766 777, 677
ude ⁶41, 70. 6ο, 777. 774, 767777477797, 747 adjice 769, ς7677474, 799
776· 7777 7667477 »⁵0⁵ 7676777777 767777777677 ·
dmg-»¹¹⁷ 7777674 7774777777 667666 74 767 6767766·
mm 464 767747 797· Rom-71 747677 7777 ⁷¹ ³⁴²·
tuae 71 676. 777,7 7.77 464, 6766 58
7777777777, 776766, 797777746776497777 7975777779 76, 747. 797,
ne 7777 ο 777
domm„ 767677 28522875 779, 679 76777 776, 977. 776, 677.
6666766777 6676 767477 767 ¹02⁸· 7677 77 7777 7 4777 “
Quoad ’747 767 767 777 74 ω67

7677777797, 99 776,,796 777, 697 7777 mm 77,474 “
7667777 7, 976 67, 797. 67, 46. 747, 767. 777, 479 76777797,469,76 um

777,9 774767. 766, 796, 779 7776,497. 777, 7677777774,·977 ὦ

 

