66611116111

,,,·,,7,ς,,,97 1111177, 613. 181, 736. 11111139,496
'voto 131, Ι169. 166, 313· 1161136 - 118810 ⁸⁶· 2⁶9· 681 8Ηὶ
368, 687. 348169. 989, uritur 16, 496.’ 71, 869. 116, 133
691 91, 436. 146, 916. 394, 1111911141, 91911494,
votoque 16, 489 763 1 419, 494
votorum 171, 533 urna 76, 37, 336, 766 uterum 169, 786, 787
votum 93, 468. 147, 161 urna 116, 166 uti 418, 781
voveam 179, 674 1118911419441 utilr- 166, 39. 113, 96. 936,
16166464, 99 11111ι76,39 , ’ 697 ,
vorent 183, 793. 316, 1111111361,616.438,44 11111611 388, 696
118 urnis 181, 171 utilis 199186
00v51r11357‚88 urnisque 186, 43 11111111 178, 438. 371,
'vox 19, 961. 41, 91. 94, 1116199464 . ‚ 191 ,
373, 58,483, ⁶2, 579. 1111 981 489. 399, 863- utiliter 371, 166
69, 679. 78, 96. 81, 1111191698,494 1111111349,199
201, 111. 1,,191. 19. 11111111.111·116616 uti-um 11. 461· 16 540-
111. 111- 1ο. 111, 111· murreum„ 111. 516. 209. 919141,
94‚499.&afibi. 1161161146440137 , 961.191,161
urbe 99, 614. 119, 966. ursos 58, 494. 363, 946. utruque 85, 199. 88, 313.
161, 116 111. 7· 418· 111. 111 146111 ,
35, 458, 504 usr 235, 347, 413, 946 utraque 119, 666. 181, 996.
urbem 79, 136. 167, 98. 11811469, 68 136, 397
116, 437. 164, 77. 113, 1119111111 30, 986. 336, 686. 1111119116,96
691.1ο1,363. 113, 66. 341, 41 , utumque 198, 46. 393,
116411- 1111111- 111. usust· 18, ⁹¹· 811, 0²· 111. 713
691. 388631. 396, 687, 1981461313. alibi. 11111411 167, 66
699. 81 ami. 11181177, 613 utro 141, 166
urbes 36, 749. 47, 114. 6611771110 11116911141,1’16.141,966.
54. 370· 11. 111· 14. 1611111111 1611111411. 829
911. 111,111.119,196. 11111 9, 99. 199186. 491, 1111111179947
1467366.161,11. 117, 369 utrumque 146, 141. 141,
419. 196, 96. 196,114. usum 11, 468. 46, 36. 89, 199.111,13.199,119
&dih 359· 177,779.196,961. utun-117, 369. 178, 699,
urbesque 18, 361. 46, 19. 176, 416. 191, 99. 196, 666399, 437466, 966
41. 16· 16111- 116411 ²4⁶· 2⁸52 37-· 161. 111. 11111411
11161 168, 484. 341, 16. 406193 11111169, 14. 146, 676
4⁶7=744 7 1811111319,161 1111.- 166,666. 119, 998
11181611 191, 831. 391, 768 1111171671. 99, 131. 69, 698. Vulcania 376, 913
61611168, 86. 117, 668. 89, 367. 96, 994. 814, 8111111111 191, 164. 164,
116, 553· 232, 198. 336, 914. 139,111. 161, 19. 191
52⁶· 1111111- 1111161· 1311611- 111. :37- 372, 11113111 111, 671
374, 161. 414, 986. 431, 111, 119. 989, 694. 402, 1114111111163, 993
7714111341-411113- 1414111 1111161111. 240
439, 5⁹· 47¹· 816. 474, 118117111117,166,446.141, 1114111193, 481
⁸⁶3 966. 399, 961. 989, 697. vulgataque 396, 831
mebant 118, 868 467, 714 vulgatus 114, 176
urebatur, 533 ut 8, 94. 11, 163. 19 314. 1113111111 193133
ureret 174, 999 11, 337. & alrbt' 9118111 1118313691
1111181111,199.189,11 plur. Vffissffi 13·.41· ¹4⁶· 3082
urgent 166, 39 11191146, 163. 76, 713. 71, 176, 411. 205, 431. 1114
1131111996 823. 169,131. {ff 1661· 989. 418,411
111311 118, 396. 148, 347. flur. · 111916411141, 916
134, 918, 339, 774. 364, 1111349111 vulnera 14, 444 17, 916.
²⁶ ⁰¹³r·1⁰2·²422559 11.-ι 111· 11. 111· 11.
urgeturque 444, 181 1111111391, 355 57. 78. 84. 89191. 116,
1111111119. 816 11111198, 116. 367, 698. 196. 113, 498. 141,176.
uris 111, 111 382· 111. 111111 111 111. ²01· 111· 141.

 

