1 N D E X
Ι 11111111 175,. 556, 504, 66691. 549146. 450, Τ11111148, 117. 517,

1111311145, 91 · 1111111411 51, 615. 180, 1011111468, 746

1111111101 517, 458 510 . tolerate 51, 501. 1581
1111111411,115 1111611 71, 798.159, 151. 10111 145, 117,118
1111111175, 514. 411, 551 7160, 171. 509, 717 441. 585, 556
timentem 80, 511. 118, 1116111119,107.146,195. 1011161161, 57
441. 158, 111. 501, 466 195, 115 11111111 too. 151
timentes 597, 875. 441, 1111111450,440 1011111156, 751. 76,1
151 “ 1111111195,167 404. 180, 701. 511
timentia 158, 440. 440, 11160116, 551 551, 548. 554611
102 111111 451, 575 841. 458, 58. 461,
timentur 411, 488 tingamus 57, 459 tollensque 175. 3⁶8
timeo 189, 16. 114, 71 tingit 554, 415 101111111 589, 668
111111111148,.755 tingatur 59, 550 1011111 8, 86. 50,16
timeri 516, 406 11151111161,9 , 440. 115, 144. 111
91751599 5515 5955790555 ⁵30 11151556, 171. 65, 611. 518, 57ξ, 555. 5547, 551
. b · 2 ⁹ · 1 ·
119, 115. 504, 584 111111117, 515. 198,160 558, 519
11111111441,154 tinnitibus 141, 104. 181, 10111111158,118
1111111111. 115 1811411116 ι1111111311
timetur 198, 574 tinnulaque 119, 595 10111 581, 457
timidi 283, 79¹ 1111111898 101111 58, 487. 119, 11
1111111568111 1111111178,86 81. 151, 156. 19
1111111161, Ι459 11111157, 591 307, 667. 515, tt»
- 1111111411165,1ο7 111111 118, 588. 111, 599. 181
timide 36, 746. 165, 115. 175, 566. 516, 141. 411, 1111111181, 155. 551
1151111131 111 516. 414
timidi 109, 115. 565,58 · Tiresia 168, 157 10111111 444, 141
timidis 165,185. 175, 545. Τ 11111188, 515 101101118, 785
418, 671 ι Tirynthia 166, 111. 580, (0111111179, 111
1111111017,·515. 108, too. 401 Tonanti 518, 198.
561619. 589, 664 Ι’1111111111 104, 410. 157, 519
timidum 145, 154. 518, 66.165,168.551,564 Το11111111,1“70.57,
448 Tisiphone 111, 474, 481 10111111459, 70
timidumque 195, 195 Titan 4, 1ο. 44, 118. 178, tonitribus 519, 456
timidus 186, 65 458. 187, 79191, 174. 10111111 6, 55. 541, 51
1111611911159, 100. 146, 510,157 1011111119111415, 541
681 ’1111111405 14 tonitruque 111, 619
timot 41, 66. 77, 47. 85, ’1111111 11, 595. 81,177. 817
105. 86,191. 100, 671. 174, 546. 417, 581, 419, 10111111 51, 508. 87, 51
115150. 158, 615. 164, 458 10111 515, 47
145175, 556. 561, 611. Titaniacis 104, 598 10111116, 151
410,177,411,491 · Titanida 169, 185. 417, 1011111181,60.141,56
timore 18, 559. 46, 180. 576 101119,519. 111, 174
114, 519. 111, ⁶30· 517, Τ111111101401,968 714.140,511.195,
416. 599, 918 111111111111515, 9ο totique 51, 610
timorem 20, 359· 111, 1111111111106,16 toris 731 854, ²4²·
604 1111611450, 551 157, 81. 546,155.
11111111 541, 6ο 1111111475, 855 401. 560, 579. 4154·

Ι timori 115, 716. 181, 1111101 1ο6,448. 157, 455 tormenta 96, 549.

1111707111 189, 16. 18519, ωι11181361918ᾋῗ145ξ613115ζὲ 1011111111 410, 185
..11111818 1118119ςέ1 88Ξὶ1ζῖ8

, 'i' 1 = 1 ⁴, 17
11111111 164, 141. 175, ’111501111,457 101050, 5911. 51,655.
, 516 ’1111111111318111 14· 1011111 ²⁹³.
1111115 559,779 Tmolo 517, 156, 518, 195,181.519,411
11111111 16, 154. 56, 445. 194 11101171,189.551,51

 

