004744οι0400. ’

·’498. 37, 468. 64, 643 89, 9046444104 89, 344 444, 308, 694
772 98. 449 91. 419 864· 746. 786 144. 9 1188117418. 747
914 464· 948 491 600· 347· 190 “ 8111110000 8·001 1088107·
403, 48. 446, 340. 447, pulcherrime 443, 49. 473, 434,7
441 1971111· 498· 789. ¹20 4619444 4111888817 114. 446
pueri 446, 349. 438, 63. 446, 373. 464, 638 90944404 398, 87
404, 373. 48,0 744 pulcherrumus 707 33 3044104483, 778
9040909444, 404 pulchra 46, 484. 409, 344. puppe 439, 633. 888, 4,
9877118184. 419 478. 148· 974. 76 4· 444. 488. 468. 419. 479· 464.
9001140734, 343 ·· 847 ,347 .
9004414 306 634 4 9014144690474, 804 9443944 443, 403, 344, 80
putrilibus 44, 33. 430, 400. pulchrum 466, 440 367, 7.93 443330 4
483, 646. 436, 466 pulchrior 60, 344 puppi 409, 634
48181896. 444· 744. 474· 48111·11’1481798.694 48941181 98. 496 886.
· 480744. 330, 494. 9414646444. 464 340
, puero ue 379, 397 pulchroque 433, 763 3039444 476 448. 444, 364.
904408904490, 434 pulchros 343, 389 A 463, 98
,puerpera 474, 337. 466, 343. 94414144019444444, 670 9099404904 446 444 ”
304, 344 pulla 490, 490 puppis 408, 494. 330, 304.
puerum 98 607. 400, 633. 30110343, 48. 333, 644 469 669 ’
113, 488. 446, 346. 430, pullosque 440, 460 904477, 743
443. 467, 338. 480, 703 pulmone 74, 804. 333, purique 73 836
484, 744 374 punlque 480, 704
pugna 346, ¹4⁶ pulmonibunfiz, 404 purgamina 346, 409. 436,
pugni 349, 444 pulmonis 777 434 347
9039840437, 79 9011464, 363. 434, 344. 499, 9043400400, 934
,9034464644 49 490. 494, 403 purgaturque 398, 890
48488888· 478. 444 411181 493 474 7888848174
pugnacemque 447, 338 3441464444 479 487 9110194510 1174140
pugne 443, 408. 436, 34, pulsabantque 78 340 purpura 449, 398. 463, 64.
47. 308, 706. 341. 180 94411444 7,44. 48, 303. 43, 444, 80 .

. 447. 444 417 796 444. 814 481488848896. 446

478. 440, 467. 901 are 499 433 9049049840, 4
pugnaque 107 703 7014441370, 349 purpurea 84, 484·
3034444444 438, 73 346, pulset 69, 767 438, 84. 343, 3099444443, 443
86 ’ , 144 446744 481411891478111. 477
pugnandi 378, 464 pulsan 330, 308 purpurae 446 676489υ3.
944344ωά0433, 30 9011404470, 449 348, 484 ’
9494444444, 430. 444, 640. 3811481648 79„ 443 0808488690483814494,
748. 464 48118111 147. 441 464. 491· 4794499
pugnantem 334, 393. 370, 94418443, 336 purpureum 463, 48. 494,
474 90164 21, 708 443

71411111 464 16 478. 464 98111488 784 86 4108881478 884. 44
pugnat 44, 444. 34, 683. 90110486, 694 3844444444 400, 347. 444,
36, 436, 74, 844, 439, 94110949473, 373 394 ¹ s

404. 444, 404. 447, 777. pulsumque 487 77 ¹ purus 404 709

767Ι 448 46617 4611.8199 619 4811117 477 794 444
4884111488 148. 499· 447. 48118 14118 141. 76 494. 847· 478. 411

47 pulvere 34, 649. 409, 406. 3044 64444 403 378 ’
9090440409, 346 409, 344. 444, 348. 436, 9440644447, 640 ·
9094441909 474, 344 33 putans 449 848
' pugnavimus 374, 409 pulvereumque 486, 703 putant 404, 446. 434, 499.
90304443, 434 pulvereumque 493, 443 437, 444
9044440336, 703 pulveris 408, 496, 443 putares 437, 389. 463, 404.
9709494448, 370 pulveeulenea 30, 436 483, 667. 494, 84. 448,
98488 772, 878 971118711181444. 874 746· 484. 447. 477. 646

9841481111 19186 98178814.. 786 498. 847 48688144. 464· 414. 484·

·· 9443009746 446743 017140440939, 347 434, 388
4814188494. 441 78811817. 849 741. 118 4101146649 7²²³

 

