“ 61816111 115, 519Ι ⁸ 0116101185, 86 61111180, 516. 45976
discutiunt 550, 511 6111106111 145. 166 divisque 571, 186
1116110111 575, 118 · 6161060184, 111 “ 611111 90, 581
6110111579, 585 6111101116, 47 1111111157, 49

disjeci 544, 109 . 61611051111100, 665 6110111440, 1 ,
disjecit 19, 518. 191, 179 distuleratque 57, 467 divitibusque 61, 571
6115161458, 515 6165111155,714 175, 566 divitiis 454, 415Ι
111151ἃί1 101, 714 . 6111459, 555 (6111101178, 451
6815οᾶ11901549, 152 ditem 69, 759. 149, 584 ‚divitis 66, 689
disjectum 555, 56 diti 150, 595 divorum 86, 181
6115161415, 586 6111141, 77 61011111 111, 115. 195,

· 611011161417, 648. ditione 415, 609 114, 85. 554, 614

diepa 66, 681. 181, 710. 61111110, 458 6101001018, 650
11888895, ,1. ..1, 81871183,ζῖ 18:20⁷· ἓξῖἱ1ᾛ.ζὲἐ,*ἰζ1.,,
’ 191 11,584 161661 plur. 6111101181, 542. 141,
Ι dispensa 171, 178 diuque 86,179. 111, 188. 43591 561
dispersn313, 55 Ι 111, 11. 169, 591. 419, 6100901455, 807
6191101159495. 174, 516 ,451 6001470841

6190101415166 dm 51, 615. 115, 188. dimit 11, 567. 15,

1616666011 111» 2⁶¹· 15², 454· 111» 1651616146- s·
66166110, 611 41100111· 01. 01· 161 166· 9¹2 40⁶
6161911017, 69 , 166, 515. 519,118. 586, 496· 1141271· 116,
57660461, 616 16116616 ¹³⁶· ⁶⁷· 1⁵5· 5:
81611155, 550 6111159, 640 alibi
166161150, 160 6111101166, 510 611804. 7· 97, 574·
6181610οω579 61110901151, 449 7. 160, 664. 147,
dissiluit 141, 175. 557, 488 divellere 155, 877, 415, 58 589, 669. 418, 554
. 6161101100 16, 151 ¹ divellite 109, 111 551. 460, 558
681601110901195, 170 diversa 5, 40. 11, 175. 17, 6111111116, 740
6118111101 406, 94 160. 55, 6665. 40,14. 68, dixerunt 21, 577. 158,
666011111901511, 175 750. 99, 49. 108, 78. 0147, 690
6160010154, 574 141, 164. 145, 111. 6111198611. 69, 611,
6118010110 184, 655 16 alibi 174, 518. 111, 615,
diminui: 68, 751. 570, diversaque 175,197.175, 500 617. 119, 841, 844
165 6110111554, 641 555. 148, 7²3· 155
8180110019, 61 diverseque 119, 406 4661
6118171171, 801. 115141. 6110111151,419. 511,161 6111001548,117
155, 544 61111111911576, 194 6111111 11, 176- 55,
516011111415 diversi 164, 65. 457, 15 188, 511. 116, 505.
180110501116, 155 6110161 15, 416. 165, 55. 587. 457,15
dissuadere 41, 55 400. 954 6111111455, 815
6181161151, 619 1110107, 59. 51, 515. 140, dixit 15, 466. 16.
616016111551, 507 141 481, 486. 19, 558
distabat 80, 145.171,175. 6110601015, 469 761. 41, 50. 44.
’ 118113Ζὲ .,, 888848718888· ’,8 {222331' ⁵⁶3 ⁴:³⁶
616101164,997.446,144 1794516151, 16816, 608. 64, 645. ’66
1110110557, 715 507. 3812431· 4 7,11 90117111.
1111019149181 61111911 157, 86. 589, 604991. 179, 498
6111111111 157, 54 645 doce 145, 575
6181011601150, 148 1111111156, 565 601161111590, 686
6161181, 151. 170110 dividite 568, 101 60116014,110. 4461,
6011610111, 491 dividua 101, 681, 6011061111 150, 141
6180111158, 459 1110165, 655 doceo 571, 114. 445,1
8161111449119 1111110115 6,6 doceri 110, 418
distentum ³9⁶2.⁸²⁶ 611100 8,7 . 1686158. 415, docet 110, 418
1ῠ811101 111, 458 605 · 6018116560. 45974

 

