1 N D E Χ
1883397988 3781440485 Ι349, 364. 76443440,

“ ιο1410764,384 momordi 456, 64. 400, 555. 456, 56. 347, 437.

4441844448547 545 354. 344· 444. 884· 444.
10100104 463, 578 0004033153 77. 69 440, 484. 446, 644

091303οε 479, 473. 386, ⁸143 Ι noum ⁶2⁴⁴· 44, 45330,
⁶94· 355· 354· 370843 44444844 476. 548 · ²⁶4 445. 444· 48018

mlier 296, 340 monedula 407, 468 396, 405. 338, 765. 354,

nolin 35, 435. 449, 367. monendo 463, 40. 303, 307. 394, 785. 448, 674
430. -44 544 4444448444 455. 437

, 3001373 348, 499 monentem 394, 775 monti 446, 644

00137190· 44·, 464 moneo 229, 404. 444, montibus 8, 95. 34, 68)
44484 453. 773· 436. 4· 447 47. 446· 58. 444- 66. 745·
4001053434, 304 . 0300470437, 34 10 94, 404. 476, 354.
molitur 349, 439 moneri 299, 447 ²⁶3· 2¹0· 354. 333- 354.
0033000450, 784 monet 363, 54 498, 456. 446. 396, 836. 404, 78.
74014443. 444· 355. 43⁶-¹ 343. 543· 474. 735 445. 344· 447. 465· 438
444. 358· 444. 7¹0 8844448444 757. 437 485
40011440 475, 364 monilia 137, 54. 489, 443. 44400340οῂ 43, 493
nones 34. 683 00. 376· 444764 , 4444444 43. 340· 43. 544
’ 984547· 388, 94. 458, monite 404, 734 33, 666. 84, 434 373,
η ‚ monitis 22, 397. 44, 446. 334. 447, 694. 450, 794.
0308143904 96, 555 309, 709. 444, 440 493, 474. 346, 438. 347,
0403103073 438, 386 0400405905443, 493 “ 474. 330, 503. 354, 337.
001135414495, 483 monitu 79, ¹27· 374, 436· 595. 810. 399, 909. 458,
4001Ιί 64, 577. 444, 564. 394, 743 500 “
45. 644· 335. 648 4444840444 483. 733 44444844 453. 444
0408134 4, 40. 9, 400. 48, monitus 43, 403 monuit 280, 700. 309, 708
549. 447, 345. 474, 456. monitusque 444, 600. 449, monumenta n, 439. um
888, 888 324889, 1⁵25. 39⁵, moy-19 346 80 343 889 7141ςῶ ⁵50. ¹4³⁹ m
· 5 · 4 · 3 4 3
molliaque 457, 594 449, 657. 333, 593. 447, monumentis 384, 544
nomba 364, 44. 449, 467 8107450356,456
13088804 446, 334,,854. 445, Ῐῃο88883ῐί42338 tii, 46558- 888, ἕξᾘιοιῖηᾌῗὲι
853435. 483· 544. 543· 335· ³²⁵4 334· 448. 444 33445444 458. 456
...5885ἷῆ9 ..3 170, 338ἷῖ5ῖέ33358. ..3.“3.33.1.;4;ῗ,.,, ..,,
440 04003174νί3 334, 474. 407, 447 8
muniet 377, 373 445 30034 cundati· ¹2, ¹⁶7· 34,
mollior 395, 796 0003143447. 645. 434, 745. 2¹4 43, 369. 33, 673.
4444884455. 444 443. 444· 444. 444 444. 35. 747· 45. 743. 7746.
0301130454, 449 456. 468, 666. 485, 44. 3084, 445. 96, 563. 444.
monuique 44. 402· 444. 347. 475· 444. 567 544 444. 484· 443. 447·
79 0400303900 458, 547 ι55. 463· ὅ cuipas.
3001333 2⁶9¹, 3884454, 447 40001103 444, 488. 346, 594. nori 44, 404. 404, ms
4461143 45, 449. 434, 744. 404, 60. 448, 444 444, 44. 398, 890. 453.
430, 446 monstro 54, 367. 339, 444 364
3001150343, 45 monstrum 444, 458445, morique 443, 64. 398,
0461130904 44, 404. 448, 300. 304, 553 · 678

, 384 monstrumne 399, 934 morabar 468, 3⁶¹

molliter 339, 785 montana 38, 340 ”¹⁰¹2 57. 4⁶⁸· 3352 65Ι

monito 423, 549 montanaque 9, 404 · noum 74, 838. 337, 35⁸

1601776835, 446 7000003450, 786 490, 48. 484, 766. m

Ι 8301050594, 737 0400000346, 447 659669 “
Molpea 443, 468 montano 74, 844 morando 43, 444 ’

Molpea, 444, 363 montanum 374, 334 “ 0040314437.778

86017 443, 494 monte 44, 440. 74, 843. 89. 00370043 74, 846

4400000344,48ς 363.. 93, 400, 408. 304, 0304441355, 446

4000400900 444, 480. 498, 708. 449, 659. 344, 454. noras 57, 464. 478, 463.

H·

 

