INDAEX

“ 6161801131, 444 184, 8. 413, 167, 170. 8699181011143, 349
8161080 196. 210 116141· 419. 6904101 Ι8119111911 411. 491 i
heheu 343, 83 316 1699017111439, 344
111611313, 30 herbulam, 181 Hippomene 303, 608. mr
1111111193, 174, 194 61161117,313. 71, 810. 73, 638
111111111404, 44 83. 107, 49. 116, 314 Hippomenen 307, 631. jd»
ricem—llo· 167, 139 117, 341. 133, 481. 193, 690
11111111197, 141 196. 198, 134. 191, 188. Hippomenes 304, 37318
nestor 110. 3· 14169161. 199. 191- 302, 5¹3 ι181- 1966101918

87. 371,178.,373,1“79. 611601190166, 689 11199011129111463, 707
383, 487 6116061460, 374 1119901111406, 86 ’
Hedum 343, 73. 339, 448. 6116010419, 443 1119901ιά11 119, 663161

361, 607. 371, 178 Herculei 334, 617 431
Hectorei 343, 67 Η1111111339. 539 111990160619111133, 307
1116101111 364,7 Herculis 163, 178. 360, hirson 4ο, 30
111110110373, 173 , 374 hirsutaque 84, 111. 811
111610111338,738.,333,447. 611111 301, 301 103 ·
360, 391. 381, 416, 417. herili 80, 140 hirsutam 394, 766
384, 311 Hermaphroditum& 383 6111011410, 107 '
Hecubaeque 386, 377 6110131, 833 hirsutis 330, 180
11111161 381, 413. 383, 336 6110163, 676. 81, 198. 133, 611114199413
1111111147, 338 1. 194. 156. 104, 410. hirtaque 397, 85⁰
6111111100, 664 117, 363. 108, 496.110,868.134, 6111118, 346
188, 99 314. 141, 363, 371, 254, hiscere 373, 131
6161111111183, 399 1. 160, 137.186,30.191, 6001101039, 311. nhil*
6101111167,118 107. 307,639. 309, 370. 188, 103
1111 17, 313. 170117. 110, 311,164 314, 331. 339, hominemque 146, iri-sil·
848119191114119 711368. 119-310166- 4³1
Helenamque 371, 100 387, 613. 388, 644. 397, 80010101951181· lll‘l‘
1111101418, 669 - 879. 410461, 463. 414, 388, 631, 64311·
8009016899499119 7⁸4· 411. 4⁹² ' ¹¹]
11σῖ1101433, 437 111111 67, 714. 68, 739, 801818ῑῖ880 ⁶²2 171·ιιι
Helicen 119, 107. 448, 747 733Ι ,
“ ²93 Η1111171,809 homini 8ο, 136. 48681·
1116101148, 119 61111111111434, 839 441, 138
Helicone 144, 134. 141, 111111011901319, 117 . hominis 11, 405· ¹l3'
..111..,...,. .. 8881111 8· 11· „m
1111111 318, 193, 4 Hesperio 43, 1111116618 hominum 70, 78& 181111ι
Hellespontus 380, 407 Hesperium 320, 138 436, 461
111Ιο91901331,334 611137, 447, 63, 611. 84, hominumque ²¹· 3⁶⁶
herba 31, 631. 33, 681. 36, 119. 94, 300. 110,133. 8000143199··3011601
410. 63, 661. 73, 864. 171, 1133414111- 314, 60001911193, 117
11» 12· 1611· 91118 3463321566 337 220· imunt 2³12 ²⁶⁶-
91191- 2³2. ²90· 119. 111198 16611 1090111419 ⁸4

773. 400, 941. 403, 11. 61110148, 337. 194, 409, honoretur 111,3
411, 116 447, 173, horrore 13, 194. 64, 634 ll

herbe 191, 103. 187, 87. 61110181,161 311, 314 147, 3198461
333, 606. 416, 330. 440, 6611111141, 138 368191, 170 38141·4
. . . ‘ ο
111... .,., 210 6ἷὲ21618836, ..1381868811
6116111017, 311. 403, 14. hiems 71, 817 364, 16. 374171 3⁸⁶·
403, 69. 416, 337 hiemsque 110, 436 398. 408, 118
herbar 32, 643. 63, 669. 6101111601 43, 134 honores 19, 363. 148111
10191, 18. 8⁶· 10881 8169910111. 119 119181· 18091
8188816838ῑ 68881888, 888488.. ...1.
¹9⁶2 ²24· 100, 317. 119, 111990106011133, 363 6000110119, 343
836.130,800.178,6,·4. Hippodamen 348, 110, 114 69101131, 177. 367133ξ

 

