INDEX

· 41334668 747· 776, 448 6314636688, 774 &grym- ree, nr
&³3:3¹ 7477 777 747 9444276146, 776 77746οό. 745, 446· 747,
degite 778,’ 577. 759, 775, 7771777658, 777 77771787731748,Ι ²7· 75867,
· 744, 766, 777, 464· 476· 4646744447, 764 477· 474

777 4646447444 476, 67 mirer ¹³0· 674· 744. 474 .
effligimus 746, 788 7177717775, 5⁷0 “ 467,6ο7. 465, 697 ·
degit 44, 757. 7867 469· ῙΙΨΙἏῚ, 189 eminus 79, 779. 757, 476.

44, 7477477776· 467, ΕΙ464144777, 477 73, 777

787- 444, 777· 467, 444· 4644444744 747, 748 477764 476, 548- 576, 476

447, 777· 477, 764· 744, 414644 446, 776 447, 4747

778- 754, ⁶3²· 4647 ²4² ‘¹0⁰¹mest 3542 414 emis¹¹iue 4735 346
478,77764744 767, 664 414614474, 767 ‘misi ³²⁷·433· ,4987
76171777 45, 744 4146644 449, 576 777711777977747, 3²¹
effundit 768, 579 7176147797,777 emittere 465, ⁶5⁰· 464
medin 77, 777 41471454, 517 , 657
741719977597, 688 Elei 757, 576 emittite 7777, 558
aaa, 24, 444 Eiei· 754, 487 emittunt 779, 4¹3

· 7677177779577. 774755 Eleleusque 795, 75 7744767796, 597

, 757774, 77 7177777778ο,778 eu 57, 785, ²9⁶· 59, 577.
7577777576,7747,447,75ο 717777749775η9 98. 669777661.
757777 67, 585. 88, 577, Elide 7 54, 494. 755, 568. inarime· 755, 3⁶¹

5757, 974 444, 3²5 eneae-113, 447
75777 778, 455 elidite 557, 578 enervet 775, 286
7577777785, 664 elidunt 545, 747 77717776, 759. 78, 5 57,
15777. 459, 547 elige 86, 789. 755, 75. 775, 597. 55, 687. aelffin-
474774 roms. 747, 468 ,747 747444· 446, 477 847747 477, 447
«estu 7, 447 467744 76, 476· 777, 648, 64447444 74, 777
qestoe 9, 756 · 578, 565. 588, 676 7777777747, 64
qet 47, 67. 566, 77. 578, 7677777 777, 778 niu 55, 6777. 64, 6 7. 677

567 81177 65, 679. 758, 698 544, 787, 777. 758, 457,
nimus 447, 748 664444 777· 774 454, 474· 747, 746· 776·
47764466, 774 467, 777 6177467, 467 7 4· 747, 747
egit 47, ²⁰3· 7 5ο, 775. 757, 71717767, 797, 45ο, 758 8766777644 574, 769

875. ²7¹›430· 5ο , 687. 717177777459, 558 877671577788, 94

777, 47 466 466· 676· 474, 777· 4464 47, 477- 77, 77777
ego 75, 787. 75, 75ο. 20, 470, 796 779. no, 747. 757, 777.

567. 77, 575. 77 eiiii 7111775, 466 758, ao. 759, 98, 774,

x plur. eloquio 566, 65 747, 794, 787, 5545557.
egredere 775, 649 cirquites 85, 757 164, 644. 799, 786. 945,
egredior 775, 649. 779, 81777777477η57 757. 555589. 559447

⁸4¹ eludere 575, 777 559484 474, 796
egreditur 108, 94. 795, 787. 7177117977746, 687 ensem 747, 777. 787,557.

,747474 777, 774 4646444476, 477 . 447, 447· 747, 477· 777,
egrediturque 777, 474 41744476, 744, 467, 497. 376, 494. 777,
egregius 777, 47 *64464744 744, 464 3¹⁶· ³2²· ³⁸1» 4³5
7777716787, 590 elusam 765, 775 ensa 759, 778. 577, ui.
7777774777 90, 388 eluserat 54, 697 469, 776. 477, 876

· 7777714774, 746 464644 477, 777 44647, 77· 75, 544 776,
,7,7777, ,7, 777. 777, 777, 414646744454, 6744 77· 444, [we 474 444·

444. 777 eluvie 447, 467 477844, 474, 867
eheu 94, 79 5, 496 · Emathides 7677, 669 enumerare 74, 779 7
ejr 67, 697 Emathiis 746, 575 enutrivere 775, 7 9 ’
ejrruirtur109‚124 8776177759, roo eo 75, 776. 87, 574. 7577 ’
esculatus 777, 2 59 ementitur 747, 788 775. 778, 7847. 4757795
75767799, 787 7777775174779, 755 eodem 4, 8. 6,.47. 77, 418 ff
75771777777774777 477, 777. 7777797774777707,689 flaminum ³

133· 645 4 emeriur445, 776 877777, 797 Ι

1

 

