- 1 ΙΙΙ Ι Ι Ι Ι Ι Ι “ 11 “
1 . . Ι

· ι 4 Ι
ἢ “ 1 1

l
1

,1661161ο1υΜ.

ὠψωώήψ16ωώΜψΨΛψηκ,,
556,161. 556467. 117,766.151,181.156, 1111194, 516167,48.781,· ,
ιψΜ6ψ1ὼψψψω6πψψ ·
= mm·msswffifflrwssmmw,
511465, 691 98. 58 , 571. 597, 865. 185 ·
’ωυ6πήψ 66646666.ὢυ66ω
mmmm& m 1Μ4666ψ.
wmms amm& ψ
96, 579. 155, 1515661116, 551. 5ο1,491 51116166, 541. 71, 851. 554,
165.111,614.157, 1511111199 517 493
585, 566. 411, 1571116146, 148 8111161161961574158 ·
. · Ah 58, 489. 75, 865. 175, 1111515, 117 ·
1411, 484, 494 586, 6114116161. Α161611111161, 569 ·
6411, 457 11111195, 111 1116161158. 116 .
1, 56. 1 6,517 11116161 7,117 Alcida 155, 13. 156, 51.Ι
58, 61 · 1116111134, 5. 161,’549 - 1654117519115
,6, 817 ν 1111116198, 11,179.166, 1116111414, 565
11111, 455 519145, 645 1111111166 164, 1. 114, 174
46,185. 187, 615 1111661111 5, 61 111111115515
1160 491651 1611195115 8166111144545
1 ,151 Ajm 576, 164. 579, Alcmene 165,176,181. 166,
mwss 16 vmwffl
*mm mmmmmnmfflmmn
19111 145, 111 ,156 1111111669 457, 19
23031³292⁵¹ 86ζέ8138776138,’8ῗῖἒίἒέἓὲξῇ
111556, 686 18. 567, 97. 5169, 141. 11111191, 411. 155, 878.
ωψώωιωωηω6ψω “
719. 515, 94 558,Ι 546. 578, 556. 579, 1111161571,114
5111151, 414 · 390 181116116561, 451
1161716916 11115, 111. 17, 171. 11, ,1711 6ο, 557, 544. 67, 714.
11111 591. 15, 464. 16, 498. 117, 561. 146,198. 186, 1
556, 767. 465,655 51, 668. U 66166 quin 517. 119, 115. 155 875. “
³ ²50¹ 787· 444» plW· 8871 3²⁸· 333» svm·
ssnwm . nmwmwmw
174, 544. 165, 419. 1151119116 589, 658. . 115151615 “
wfflmmwwmwmwmms -
564.198,169.119,161.1111167,556.447,178 · '
1971 242· 4²², 169,116.151,154. 141, 1111166,57.157,515. 177,
⁶ mmmmm& m · ¹⁴·
Μ 66ζὶ ¹ 1¹22· 515, 111416616551ῗ 767 611666196ῗῐ4614ᾔ55, 476. 571,
. Alastoraque 574, 117 177. 446, 155
14671655 1111415669416, 611 11111157, 76. 197, 546.
19Μ661 ὼπήῳω6μη6,ψη6
m 518, 191 7754451115 1111111961 8ο, 159
ι 151, 176. 519, 1161661418, 674 1111111167, 516. 56555
. 11111961 199, 414 alieni 189,11. 158, 458 .
684. 114 albas 65, 651. 569, 715 116111911111, 616
zmwmmwmmm :mmm
156. 175, 519. 446, albentes 514, 554 ali} 16145. 30, 581. 85,
· 1161111159,11ο 169. 85, 154. 99, 6166.
11101547 ’ 1111111194, 516 157, 451. 155, 15. 14,
,666 156, 799. 519, 1166611661164, 415. 517, 558. 519, 486. 554, 6455
mmm¹·f smmumwu ,-
⁵2 μ’· 315 6011 669 dbsssffle 31994 0 ⁵220 ³⁶2, ‘²⁴' ⁴⁵5.
67, 769. 155, 779. dhet 175, 586. 198,165. 446
&mmmm ww fflwwmmwh·
1161, 561. 169, 1161115, 55 ‚ ‚⁸25⁸ 11 ,16166115 ²3³:

 

