10661616666.

6666661413, 686 6661111617 ,6, 616 recuset 461, 466
66639, 66 373, 383. 383,Ι eredendum 191 16616 761 484’

369 66616616 394, 766 reddant 139, 636
reque 9ο, 368 ’ re 6616166 683, 66 666616 13,3 361. 664134
rear 699 rou 366,63 1611616 691 1861 333, 608. 374, 676
16616363, 497 416, 663 66616661193166 redde 616, 666. 646, 363.
166611161367, 669 recingitur 163, 311 367, 76. 4ο4, 36

16661166 466,3 ,90314 16616361137, 393 166666661647, 717
rebus 61, 3 33, 393. 66616366166, 398 6666666694, 496

634364. 184373. 691, 1666416139, 636 631, 633. reddemur 667, 666
39 198.,673 366, 373. 67, 77 reddentemque 434, 663
374, 663. 377, 366. 449, 6661616637 reddere 64, 644- 69, 366.

314. 436, 391. 436, 391 .16666 darn 446, 144 173, 368. 191, 64. 696,
466, 636 recludere 223 46 663. 347,187

1666116666 736,444 666166161996113 “ 1666616417, 383
· recanduit 661, 767. 164, 1661611434 776 111111113851353
530.192,78 1661611663,647 16661199, 696
Ι661666631, 669 16663661116313, 66· 16661966 694, 636
6666616 226 ¹39 161· 1111316196, 616 6666161163, 463. 66, 693.
1666618, 66. 63, 464 77, 16166616666616, 639 667, 166. 174, 336 618,
73 83, 666 131, 744 1616611616 337 486 · 800. 631, 633 413, 676.’
recensent 363 466 recondidit 116, 646. 333, 436, 379. 463, 633
recenserem 399, 936 6·19 34¹ 17 reddit 633, 69. 366, 313
6666666473, 646 retundite 66, 673117, 363, 99. 36646 449,
6466616141, 63. 98, 661. 339 313
166, 434 613, 714 639, 666.. 661166 36, 363 redditque 328, 466
486 669, 393 666, 46 661616611391, 763 1666166 93, 476 636, 876,
mmmmnmmwmffimm ffl2ssmm
wmwumm²u4wr redditemurzrssuervv
667, 467, 643 436, 379 1111676, 776 6666116661, 363. 136, 13.

66666616 646, 763. 437, 66. 6661111677, 76 616, 737 447, 676 ·
4614337 16867 6, 666. 218, 787 1111111160 338

6666611661 613, 636. 636, 1666966113, 646 16611666 308, 766. 333,
370 16616119, 331. 33, 668. 41, 101
receperat 663, 779 6144186134796.16666661367,77 “
acceperuut 367, 417 144, 646. 171, 641. 667, 66 41166 99 631
666691 643, 275. 400, 939 461. 273, 498. 319, 167 ’1.1666196,7 ,.66 674479
1111611911. 681. 131, 4²4· ,1116 1311111 111 664 11111115 11
mmmmm2mmm3ffi Mfflmm
696 666161·36.76,8.46 664, 66666613, 719
6666466646. 1414138 169, 143 6666616117, 681. 36, 741.
ru umrmmn wmuwmm

”mmm 77911111110 mmm
66667116 446, 139 recubare 166,1ο9 redeuntque 161, 664

receptu 64, 636. 666, 433. re 6116639 647 redeuntum 30, 366. 34,
663, 66. 313, rur. 467, rennuere 669 339 696
797 16661611 696 693 6666611116 466, 463
receptus 396 799 16661166 176, 436. 676, 61166661661661, 3 -

6666416166, 346. 34, 666 393 368, 434 66616611 671, 436. 366,
wmmvmuwmssm m ·
397, 461, 364 · 1666 rreum 666, 641. 463, redu,¹ 16613, 763
1661111761.196,99.647,698 1611666 196, 616). 676, 366. “
ssmewuffwew mm ·
319, 6116. 368, 466. 346, re 61 1111. 49, 646 16169 1661408 149
3⁵· 1116111-1191111 ¹¹1· 1111· 1111 1111761101161
'mm 77 ,77 37, 157· 6616116164667 1661161111, 331. 93, 474.
347, 396. 4:2,26r 6·. Ι161 1,,1 363. 663, 31.113,131.18.ο,331 197,
666616 614, 676. 366, 691 191. 171 636. 676, 386. 69,

mser 16. ulem 161, 63 366, 44649466, 354¹

1ῒῖῘί
,6

 

