1

10011010103. ⁸

QQOQn wmwwmfflwmmmm,
11111390, 791 364, 334 390, 194. 330, 338,186
13931111 114, 363199, 934. 930, 933. 341, 13. 348, 1113111 397, 489
391, 830, 831. 313, 19. 319. 390, 361386, 983, 1113101397, 489
-496 . 30οΜ0οωπ &Mum
lium 34, 493. 43, 196. 1311111141, 69 11111011 183, 609
38, 499. 304, 403. 309, ignigenamque 104, 13 11111 4,1ς. 6, 94 18, 394
ω436η333ψψωωυτ 3Mwm5mfflffi
.... 113. 3· 3·- 11· 3 33·
1 · 1 · · 1 · ¹ ¹ 1 · 3 1·
133.... 1311331333 13333
1311311 89, 343 339,477. 348,77. 391, illinc 31, 618. 108, 71.
130310413360, 199 837. 338, 4493 ,408 317,193
mwmm mwmmmmfflmmm
bfflww ,mmmm0 mmmnwmm2
mmwwmmws wweffi m·w›3nuuwammm
13113111 334, 73 933 333, 16. 391, 811. 398, .
,1311310349 918 131011111310173, 319 376. 309, 730.
ignavos 309, 939 1911013111 337, 719 illudens 100, 690. 397, 66
13131111 196, 990 19101111 33, 643. 130, 938 illustre 41, 90
igne 33, 416. 36, 498. 91, ignorantia 193, 93 111011111309, 431
381. 69, 764. 76, 33. 87, 1311013133, 643. 136, 31. 1101338796
303. 93, 488. 113, 199. ¹ 374, 939 1111390, 369. 70, 774. 134,
numafflssssmwwmmss4 sssmwnumn
464 300, 490. 390, 377. ignoscas 393, 864 198, 378. 339, 339, 386,
mmfflmwwmwmo 4NJmstmm
’1114321ῒὲ8 ...1. 1131881888. 4,, 1... ...4311331 ,81ζὲ11 ¹⁹⁴
’13111111178496 193108. 389, 664 1111131113 8, 87. 14, 313.
zmmffimmwmfflmmwtm wumumm
mmmmm,ffl wwwmmn
13031 93, 313. 99, 396, 1311011 99, 930. 119, 394 3491 130,676. 143, 339.
410. 68, 739. 108, 81. 3141173413. 390 169.103.166,110.167,
113, 346. 119, 406. 138, 1911011147,303 131. 173, 309. 183, 989.
639. 130, 679. 1 3, 799, 131101318,88.338, 188. 339, 199, 181. 303, 360. 313,
139,106.190,39.379, 309. 649. 339, 96, 133. 391,
493. 189, 9. 193, ¹¹5· 13110111 10, 134. 119, 394. 834 379, 689 381, 738.
311, 613. 334, 76. 338, 398,119 - 334, 637. 36 , 110. 373,
180334, 339. 338, 461. 13001111111199, 940 316. 379, 373. 389, 946.
²⁴0· 5 ¹²· ²⁶4» ² 0· ²74, 188666 7791 669· 3871 7²0· 3911714· 3961 146· 4611
’μςὼη913ωο3606 60331ΨΛ8
ΰωωωημψωήηωψῃψώ
ωωωωψῃωωωψ,ψψψω
338, 493. 446, 348. 491, 1310101403 416, 366 unago 19, 339. 40, 17· 83,, ·
9 9. 464, 669. 467, 730 1310101181,179 331. 93. 463. 113, 303.
wmww MQ„ umanm.
’,1131903 131, 111. 433, 1113 77, 67. 83, 316. 109, 138. 340, 907. 371, 474.
91 ιψωωωψ-Μωωψηω
wwffifflwww ,mmmmffi smfflnmffm·
gan 6, 93. 19, 339, 93, 1113131371,196 410, 304. 418, 419. 437, ‘
mmmmwwmmmmm·mmmmffl
387, 606. 399, 803 1113133 940, 7 1111311338, 393

,11111111 16, 394 31, 374. 16139113. 311, 986. 330, 1111111139114 · “
. 3111184311 4⁸· ²20· 1301186633151161 ἱ1161111111ε 161116
50² 1. 93, 313. 63, 630. 11111493, 3961 · 1111111611368, 139
ηηωώωψωὼωψωηψωυώ
ωΜΜωΜ-Μωώ ww wmm
,194131119313334 11131111 174361 · 3911883 . h '
⁶ 18 lm 'em

 

