19961

8996991996 389, 693 899611996 946, 689 bibendi 3967 869
891-6919111967, 341 8611919994, 79 bibendo: 19, 969 ·
8966119199, 99. 9777641 86911116, 399. 918, 797 bibisset 496, 331
8969116996 314, 89 1169191331, 939 - bibit 91, 416. 198, 491.
8916111111991 191, 793. 198,1 6691911139, 989 977, 614

998 8619169349, 8181111398, 991
,8966116 193,993, 189, 996. 8611161191,463.986,44 818919499496, 639

ὤΨΜ ·,8 ἩΜΜΜΜΜΜΜ
1161319, 17 196, 919. 913, 698. 914, 8169199169, 9 416368
1196611619 191, 691 669 993, 46, 98. 996, 8189119139, 739

89666188, 3171197498. 49. 969, 494 319, 14. 81 8911191499, 334
· 193, 993. 133,769.189, 399, 998. 399, 491. 394, biceps 1699 416, 368
987. 183, 998. 197, 946 418. 396, 476 369, 691. bicolor 946, 664. 9883
ΜΜΜΨΜ1ΨἫΨΜΜΜ
14 999. 494, 979 439776 81661911899399, 934
896681999, 918 8689996469, 773 bicorni 949, 647. 338, 363.
89668691, 491. 314, 89 861,1916139 191 448, 394
388, 639. 493, 413 8669191491, 368 8116191993, 997
8966899197, 973 194,9 8611169769. 139,8. 138, 816191996414, 393
bacchumque 194 11 91. 143, 919. 341, 91. 11919116 69, 664 918, 837.
89611199 97 979. 99, 699, 379, 966, 913, 917. 443, 227, 196. 999, 191. 396,
639.144,973.179,488. 169 496

“7NJ4 δΜΜΜΜΜΜΜΜΜ
8961196481. 988798 137, 46 8139399199, 94

8181191149139 bellicus 191, 794 bimarem 994 405
‘bae-uli, 88399. 3947789 8611136199, 934 6111111191,4ο7.177,419

8999111996 947 693 bellique Ι347, 189. 378, 499 ·
8961119169, 97. 999, 918. 316 , ·811119119111194, 19

497, 699 86111179, 117. 4677119 bimembres 349, 949. 397,
8969191966, 681 86119178 464 996, 469. 434. ’,447 983
baculumque 70, ¹7·.89 463, 224, 68 349, 944 ,9,93, bini 32, 696. 399, 439.

.Μ swwwmumm
ΜΜΜΜ ΜΜΜΜ·ΜΜΜΜ
’8919699969 399 391. 494, 967. 497, 7484 binominis425, 699

· 89191999οο,319. 9697949 86119119 141 199 81416119 111 ,49 766
8916916968, 797 belloque 322, 994 369, 999. bipenni 361, 611
89111116 330, 969 491, 483 8191111161936, 391
89116999697189 661191 13ο,1689. 11, 798 bipenniferumque 199 99
berbi 17, 966. 199, 697. 136, 18.’ 394, 366. 399, 81761 1111 11111138, ,9
1ΜΜΜΜΜ9919 6ΜΜ18117Μ

399 397, 850 6611111111,149 13,186. 999.1.3,9ι7.11.11181

, 89189 99 339. 799, 391 143, 919. 169,99. 177, 9999171191.

1 8161416117 719 499 996, 499. 9911, 488. 811796198,6.4. .49, 964.
&mmmwmss m›m·mmmnw ΜΜΜ1ΜΜ9
8ΜΜΜΜΜ1Ν89Μ9Μ
466, 969. 419, 991 433, 863 811111119166117
8116919177493.191,9386116ῂ4..9 19, 139 41774. 81199119 381 436
199144 198, 978. 499, 99, 393. 79, 846. 75, 14. 611911116997,8 699

⁸0 191971 774 220» 8118199918 792
8918116189, 9336 8941198119111117191. 8111119 179, 369. 179

³ 89189161189,976661611613479473891 476
891891119996317,169 8691391913774 994 · 81991191991117, 344
891691169479, 899 86166)11’11119319,16 8119111396, 649
89189191 199, 697. 189, berecynthius 319, 346 619911111691971,819
919. 414, 974 Beroe 86 978 81119111 98, 483. 43, 1661.

· 8961119 947, 719 8199916399, 349 ·,61 57.5 9ο, ,,939. 419,
8196116947, 769 , 61699399, 399 797
819619 949, 631. 947, 61691968, 37 6111111996969, 196
714 88689191447, 981 “ · 8119119194931 1718941

84 711169

 

