IND'EX

9188814. 617. 46, 171. 619, 849. 646, 919. 694, 9668181176, 111
186, 711 1. 169, 667. 166, 197. 9661τὶ16966 88, 991·
91Ιὶ411 94, 689. 116, 141. 699, 619. 966, 969. 997, genitor 16, 486. 67, 917. 4
111. 111· 111. 815· ²⁶3· 111· 511. 481 41. 18141· 44115· 14. i
220 gemitusque 141, 194 986. 71, 896· 196, 691. Q
8818818081 90· ¹33» 772· 8²¹¹²¹¹¹² ²4²2 57²· 111858· 8131111· ’791 481115. ζ
1811, 111· 1111151 1151565 ’ 415· 111. 511- 11411
gelidoque 61, 976. 78, 116 4616611649,169.668,186 641, 968. 961, 469. 999, Ι
46Ιί461 119, 647. 169, 88. 9666111689, 664 446. 999, 949. 9716199. ¹
111. 141· 114141· 115» 1111111441184 111. 188· 111. 854- 448. ,
..1188’.*.8...,... 888ῗὲ8ῗὲ88... 1. ..881138803488886
“ gelidumque 101, 688. 198, 9666166996. 764 166. 761,171. 966, 699.
⁶08 96661616 16, 164 969, 919. 469, 176

“ 9616166176, 45² 1111118 18. 94· 111415 6181111459. 544 ,

96166189116179, 919 gemunt 641, 966. 989, 9616616187, 768
semones 188. 111· 111. 481 · 1118111111 188. 581· 414.
3¹⁶ 96116 191, 78. 669, 116. 861 ’

gemina 169, 914. 170, ως. 967, 418 966811166141, 199
, 286, ⁶4 961161 91, 416. 697, 961. genitrici 986, 471
gemina ,91, 719. 997, 686, 46 4661115681 87, 916. 116, 119.
‘iiim 22„ 6,. .,,, “i's‘s·¹³s'2’⁶·⁷‘1'ii‚¹4⁵÷¹⁶'·i}{2 ,8ῗέὲῆξὲ ⁷⁵⁷. .,., 6, j
476 19, 679, 488. 411, 911 118, 984. 194, 496 169,
1966164966 166, 669. 496, 9666161496, 976 174. 189, 667. 187, 711. ¹
..888 ,1, 45· 1³3, 774..{{i{i²‘⁰33⁴,³⁷353⁹. ,., ,1, 1168161618
. 863, 54· ,2²9¹ ²⁰1‘ 4671 1⁶7· ¹33· 1791496468» 37⁰1 ¹⁶²· ⁴⁶:31 53⁶· 988
9661818689116661, 199 · 0 vitiique 499, 861 961888151117411669’6797, 948. 199,
96168616 961, 471 96661ἰ1,16, 646. 61, 979. 461
‘eninm 66, 761. 984, 96, 761. 89, 199. 118, genitum 43‘, 9ο. 146, 187
161. 484, 681 646.169,169.167,1 9. 96111561 36, 748. 187, 89.
96686661148,16ο 689, 99. 984, Ι969. 9, 966, 966. 964, 34⁶
6111111146151 175· 411. 814 , 1111· 151. 4⁰7· 165. 111·
,geminaverat 157, 986 generisque 91, 616 989, 969
gemini 116, 161. 199,167. genero 11,44ς. 197, 49 41111619, 668. 76, 99. 89,
696, 961.196,979. 999, generosa 691, 848. 999, 668. 97, 976. 994, 466.
⁴4⁹: 411. 198 818 ·515. 144· 4151 451 418.
9666196669, 6 ο , generosique 949, 194 469. 494, 891
9661111ἱ1186,998.198,666.9666168199,769 gentem 416, 191. 4801·
191,818.189,“ 116. 968, generosior 679496. 969, 999
486 , 148 , 4111111146. 485
9611116661, 999. 166,111. 46611686 669, 786. 981, gentes 16, 6 . 47, 619.
· 141. 720· 257· 11· 115. 415 115118· 61111111
661, 469, 6. 486, 811 966616861 466, 716 441. 697, 991. 494, 461.
1111811141. 145· 114. 33⁶· 4111111118481155. 11 411, 819
697, 466. 147, 716. 996, 96616181 999, 969 genitique 961, 699
’ 697. 996, 894 96616111169,14.688,99 genubus 169, 868. 196,
geminum 91, 416. 187, 9661681161 969, 99 · 969
166 , genibus 96, 976. 84, 646. 9611ῑί1116, 169. 166,6.189.
gemit 71, 867. 669, 944. 166,911.986, 989 966. 998, 999. 969, 99.
198994 genibusque 949, 146 416, 611, 436, 9, 486,
gemitu 96, 796. 98, 486. 9666691696. 173, 969 ς77.469,646
- 919, 99 9. 966, 48 genitali: 446, 699 gentisque 178, 460. 179, 969.
gemitum 666, 169. 969, 9661116191,619 94674989,
599.969,719 96666189, 666 genu 117, 949, 949, 98.
1888111411141. 158 1118 88. 111· 111. 411. 114.146.114,11....8

gemitus 69, 661. 181, 969. 466, 617 ⁶¹· 1661159· 9056538·
· · 1⁵³·

 

