'r

10111110111

81111187, 195 . 6111111417,117 150. 58, 488. 107, 68·
8111116147, 519. 177, 641 seniles 197,151. 119, 111. 111, 441. 115, 555. 118,
8111111185, 161 141, 518 ¹ 577195, 1161594713
¹Semeles 86,174,178 sentit 107, 478. 194, 165 141, 516. 151, 861
6116911185, 664 6111661445, 111 6111611159, 489
semesarumque 69, 771 . senior 32, 645. 66, 701. sentitur 595, 811 .
semianimes 111, 577 141715. 517, 157. 575, 6191111 19, 515. 76, 45. 91,
“wmww9 mmmmfflzm ¹
6111111111 159, 115 559, 540. 446, 719. 457, sepes 16, 495. 195186
611111911411, 515 485. 475, 858 6191611151, 158 ·
6111161115191 semoribus 457, ιο. 456, seposuisse 88, 519
semideique 4181 675 470 seposuit 149, 581
6111561165, 655 , 61111194, 515.188,4. 199, septem 5ο, 155, 156.’ 59,
61156011111558, 556 186. 560, 578. 586, 469 18. 88, 516. 141,188.
semilacerque 101, 544 senserat 57, 466. 66, 687. seriis. ·
semimarem 118, 581 519115. 558, 741 septemque 7, 64
semine 4,’9., 8, 91. 11, 6111141167 619111611468, 755 .
115. 15, 419. 65, 619. senserit 111, 651, 557, 619111811115, 411
78,115. 115, 575. 155, 759 septemplice 141, 187,
480, 485. 195, 115. 511, 6116511111 545, 71. 594, 785, 519111119611565, a
232347455’21'450'347· sen713693‚ 465. 157, 597. 666666666966291
811511411151, 749 “ · 111, 865. 144, 607. 400, 61911111111,-115
61111118, 78. 56, 748, 85, 945. 419181 sepulchrales 159, 480
, 1111 ⁶²³· ³¹⁶’ 61115111.. ., “eisteti 111118
1⁸ 6 ¹ 9 ‘ ²
semineces 15, 118 . sensimus 585, 504 6191116159545. 111,618.
Semiramis 117, 58 611661 57, 451. 115, 717. 151154. 175, 561. 536..

semivir 118, 586 151, 11. 589, 656 . 705. 451,

semper 19, 558, 565. 51, sensisset 558, 759 . sepulchrum 586,9 447. 455,
655. 69, 764. 81155. sensistis 107, 68 465 ι
1111171... , ruunt ,7,441. ⁶0, 54⁵· 63, sepulti 411111 - .
semperque 116, 561. 151, 610. 89, 565. 166119, sepulti 150,155. 585, 505
841. 441,158.444,197 611116. 185, 661. 184, 6191110587, 615
Υ6111555, 419 651. 164141. 165175. 6141111151, 647 f
seuerum 461, 590 , 161518195177 195. 61911191, 56. 140, 5111

senatur 465, 641. 475, &aii 441, 145 ,
845 616191151474. 581,4ς4 sequatur 111, 181. 571,

6111181199199. 165,166. 11161551, 515 111

4ο8,18 1 6111611410, 178 sequendi 17, 517

6111111169, 547. 179, 511. 6116111195, 169 6141161178, 648 ,

“ 197, 151146, 671. 771, 61161111165, 118 6191111178, 91. 545, 1541·
456. 445,117 sensurus 575, 187 416, 564

sentilam 188, 1. 111, sensus 99, 651. 302, 499 6141111117,54.444.197
557 61111111, 456 Ι, sequentem 411, 519
6111111196,115.198, 596. sententie 16, 145. 88, 511. 8141111154, 651. 76, 11.
Qfffflfflffl'ffiffifflssffffssffimnm
senem 591 51⁶· ι931 ²⁶¹ ‘ 5111161141ζῆςί (804486, 9· ⁵,-
11111411 556, 164. 445, -45, 47. 465, 648 6141111187,199 511, ej
11166095, 458. 148, 711. 666661166560299.151858μ61446166665118, 788. 465,-
1ᾦ681ἰεςὶἷὶῖςοῖξόῄ 11816818ῗῖ41. ,17141 tuffam, 71... - ’ ¹ Ι
senex 50, 586. 49, 145. 6111511111 156, 557 6191111556, 695. 415, 18 “
66, 688. 106, 16. 114, 6111511174, 558 sequeretur 176, 588
410. 147, 714. 519, 111. sentirique 145, 651 , 6141111119, 518
16111141116161. 4599551115ἕό 3¹⁸⁶ ⁴8 6155 154 ⁶⁰9· 117. eu.
,78881773 91 · 1 8851 {xps ηψπ.

 

