' wwfflaum³ww

,71111111

’555761 ·· “ 6111171515. 555. 575174. 111111611151, 168 ..
capulo 208, 566. 545, 155 415, 566 11111761 415, 186
115616511557, 451 1111161157, 465. 517, 414 111616116614,655 .
1156115581. 15, 564, 567. uris 514, 88 caruit 185, 685. 551, 515 ¹

·51, 615. 55, 718. 57, 1111661111 5175, 747 6161147, 655

765.’ 41, 5ο. 56, 155. 1111161111,16,486.116,145. 1161111151,448 ι

76. 77· 77· 18811141· 1171111· 1171717 1111111181 ’
1218178768 ⁷²⁷¹ ‘³ ἓὲζῖἑῖῖζὝῖ’ζ’“..1 ..1. 886ζῖ88

1 9 5 1
81. 155, 157. cama 157, 575

466. 558, 516 185, 751, 517, 154. 405, caffide 111, 15. 568, 111·
ῦ14171416. 614 1ο. 464, 58. 415, 441. 455, 866 ’
0141565111 416, 611 456, 516 8161651 151, 758
111186,154151,61.114,·6116116117, 518148, 546,·61161545, 85 ,Ι

⁶9²· 2⁶⁸2 163- 4171 1411501137-1151167- 1161601544
’ 1¹2 11141114111171711· 1111161111

’ 1111115111 166, 566, 561. 185, 16. 0111171675, 14
1111411565, 611 156, 1415151, 165156, 116161ε555,815 1
1611115157 561. 511, 5. 515, 45. 1164411111, 756 ,²
1116161171, 155. 515, 48. 517, 155. 546, 157. 464, 1161465 581, 486 . ·

1111177· 4111 111 14,- 416· 117· 1181410 ⁰³st⁰=⁰. 1141101
6111111567651448, 561 Δ11111111115111161,1 castos 154, 755464, 5
61111111111,455 carmine 56, 151. 51, 516. castra 146, 118. 115, 41.
1111111111 157,146,147. 551, 148, 545. 156, 665168. 558, 517. 587, 611. 415,

mmm ffimwmffi4w
6111111161, 93· 555161. 41176. 1471101451· 1111161111 5²· 1611611

4111711 111· 1· 1111 ¹⁶3· 117· 1711110
tarr 64, 645. 175, 456. 51·..766, 551. 465, 1ο. 1181666556186

118. 382· 701. 701· 1171 4015164161 1661 161 1181111111 1671 717

446 · 111111111611154, 148 116611411541,5ο
careat 565, 155 11111546, 156. 446, 85 11611174, 555. 1,,,14 551,
1111111146, 161115, 714 carnes 65, 765. 416, 714. 586, 577
carebis 564, 566 168 1171561155, 118
11116161517,416 carnibus 158, 165Ι 1111114111 575, 375
111116111456,715 11111181, 745. 451, 580 casum 566, 588
urens· 61). 762. 220, 851, 11111 116. 556 casus 116, 141. 151, 154.

1415145541, 13⁰ 11151111 456, 478 157, 411. 147, 714. 1651
(11111 441, 758, 446,1117111168,58ο Ἰ 278. 333, 588. 555,

141 . , 8117116111· 5114149 79ἔ· 39⁹· 913· 4¹⁶⁶
1111611116 7, 67. 167, 551 1115117511. 115168. 516, 151. 416, 473. 457,
1116111184116. 455, 551 155 454

‚ (1111111156, 551 carpebam 458, 567. · §ususque 51, 648

61111 174. 554. 181, 574 carpebat 117, 616 1161111465161
1551133, 330, 5²0 - 1117161547, 156 cutem 161, 766 111, 176·
caica 146, 674 carpentum 558, 751 186, 65
6111111187, 7²¹· 239, 47ο.,1.1171111’ 167, 129· 229, 219. 1111611156, 678. 164,μῦ
171,41·,6.·4ο5, 165. 415, 187, 85 · 461, 661
551, 465, 654 1117111 66, 545 catervi 548,1.16
1111113 10, 154. 18, 298, 11156 76, 751. 117, 558. catulo 585, 547
117, 5⁹3· 99· 676· 1161 1111111·1171111·1011 11111111161336
11111011111111116· 79⁹ 1111114111171
5417, 57. 571,Ι 181. 554, 111711171176, 781 cm 16, 555. ²⁴ss 671·
761· 1011 164 411111111111701781111411· 25⁰· ⁸0¹· 1611 m*
111 116. 1111811711 116 1171 111· 1111111
1141411111 58, 664. 551, 53¹· 1115151111671541 545, 85. 545, 13911581
116, 1186466715 ⁴ 111566115791117 7
1111611178, 444115, 164, 1117167111. 217 111ε7951151
.116,’155. 555, 751. 465, 0611861185165 Ι 1711111545,156
..7141151417 ,. , 0158114161, 568 . 11111451, 751
11 .’ ἡ δ’ ‘m'

 

