’ 10010010100.

ᾓ411ι1111940118,788.449,9614101904 979 69014191, 191. 179688·

²²5 9061401010 947 187 6914014 196 37.5 914, 335·
690 18, 999. 330, 917 490, 0114011168, 999 ,· 961, 601, 606. 966, 94
719. 444, 109 · ·. 9 0684100191, 901 - 69101179, 980 491,989
[0900119648 6906411199 ,181 1910477,66.100,671.1904 v
90410191, 83. 414, 687 6080001968, 110 “ 806. 449, 999 ⁴
448, 181. 144, 616 909, 110,61001900191 199 691041190,144
§flm·u³ 60441010614’6060144161’
6 10900996, 677 138680 98, 609 190, 34 6911111409,166
90010019, 99. 31, 614. 101, 1190001164τὸ1, 557 ’691006171, 810 ,

689199, 149. 171,4716900014101·979,147 v 69100000490, 949
’996, 4.79 44,8 906. 498, speculetur 33 667 69114061490944

50 9 6901011 179 349 691140111178, 660 ’
6147941 7199 776 ι1509. 164 61499716. ²9· 400401 116. 017997 1790946131

69 n

69041064 191, 69 69010044 999 991 6110900199,Ξ96

69011060900916, 199 luncae 308, 691 161114 477, 77

60814161,177901094,497.16,7 741.ι spiritus 171, 194. 119,

1806141141 91, 618 94, 909. 477, 678. 179, 681. 181, 819 141, 944. 177,616.
ι’4161110116 118 140916 141. 50⁶· 118141 441. ¹⁶ 7 ⁴4⁸· ·

9466444161-716 1111416 161. 11- 11. ⁶²4 403· ³02
9061161111101,709. 168, 91 .. [9110409171

, 166108, 496.119,710 6901096069719181, 994. 69161109,918167,411 ·
6906116001 85, 146. 118, 140, 498 416, 364 441, 6916104446190
789. 307, 668 119, 491, 967 69161466, 718
690614ηά1900 111,1’99 T 0111111016, 496 · spiffisque 198, 611
8710684111 18 944. 196, 911· 89101410 148, 348 111, 691. 6911104,19.319,967·
184· 611- 41041 1144411141 6116014106
899. 317, 160. 949198 69014446,491.18, 996. 370, splendent· 77 53 ·
0884116900 37, 767 158. 408,19’4 691006061001191, 177 ’ ,
9068901197, 419. 196, 48 6,90111900119 897 69· 008114900197,419
1811510 4,.11,8681711ἰί8’81”ς 88⁰8&oe ⁶⁷’ ἠ’ ³⁹⁵⁹ ’
488888811811134148815833 ⁴ ¹885152408190, 9893, 691119181804111,8.
6906810114 164, 66 6901401964, 18 690114194, 197

16906141101 94 499 Spercheides 50, 190 9411461101118, 644 ’
Ρ

0010011169, 181. 177, Spercheos 30 979 1140111999,μο
420 Sperchionidenque 198, 86 6901410 949 149
s 0681 ,1,141397 711 . ’ speret 64 84 6901111114, 86
9461410761, 17· 169, 109. 69010060, 990. 161,90 6901011170199
101,941. 110, 860. 111, spernenda 598 684 690114111409, 71
10. 119, 106. 490, 140. 0100010104 4,99 690110111968,114 ·
986, 984. 994, 767 ’8980 1110101148, 740 6901111117,194 396461. “
speclari 108, 491. 190, 67410116 1,4 . 970,199
803 ι 69· eruimus 61, 997. 411, 6901116900991,9ς1 “’ “
[pedat 77,770 78, 98 1121 498 · 69011090078,81.194,196. ·
16 · 6901011 94, 919. 198, 117. 198, 117
6906810414, 914 ’ ·’ 394, 776 470 714 “ spolium 117, 619114, 87
61461416. 411 11. 420 614461104 416110 211. 116 ·-
1868, 18ξῖ 8,, ¹33 1111113111... 88116453ξὲ, ,,.. .,.;

14111011.141184. 614ς 22 116 4101-14 111 ,

441. 416 1444141 414. 0011100164-104. 6164444111. 4¹⁸

²2⁹ 936. 110, 969 449, 114. 6710061116, 916
69ιᾶ10144141.3471187199,10.171,467,, 176, 6906149119

407, ¹09 ’ 996. 716, 118. 979, 375· sponte 8, 90 44, 118101,
1906104417, ’697 “ 01111.-699,7οο.197,991.4ο9·,
1061010178, 69 ’ spesque 313-611 441. 117 941 146, 680171, 446.
6916101116, 911 . spicoma& 1091411 , 319486. 460, 999

, 691014.

 

