11011·

3011159531 11611. 193,118 131, 3111111511 191, 66
«1111111711 191, 161 408174, 539. 351, 314. 3118811 75, 17
31161211114111140, 510 359, 561 gressus 171, 175
31111111111139, 99 31111111 15, 114. 14, 443. 3111101165, 91
gran-¹2 181, 5,·4· 212, 194, 139. 119, 684 300, 01711101 349,“160. 359
m ssmwfflfflmm
31111111 5, 19. 155, 345· 458, 517 311111 151, 846

160,169 31111119111461, 590 3111511404, 51. ·
3111161114111193,1·,· 311111 57, 467. 88, 519. 31113111 18, 190 59, 518
3111161111 141, 158. 186, 115, 493. 115, 569. 170, 125, 9113341415,
691. 163, 111. 413, 543 115. 110, 557, 570180, 504. 157, 597. 175, 364
3111111101 1,·3, 311. 113, 691.313, 36. 413, 543. 3733811100, 314131.
665 460, 716 865. 163, 317. 310114
3111100357, 480 311111119, 105 330, 506. 331, 558. 447,
fflwm swmmmff·mfflm
(8111110538, 763 131,711.140,141.154,·11113161 151, 411. 7481,
31111111101119111111, 638 511. 153, 876. 514, 365. 903 ¹
3111111111 510, 736 331, 558. 350, 188. 383, gutte 541360 117, w
, 31111 14, 104 159, 641· 506 158, 633. 199, ι413, 3741
143, 5911 288, 104 193, 3111111171, 659 658. 470, 788
mmmmmwwmnwmmmm

404, 51 671 guttis 116, 578. 153, 461
31111111 145, 171 gravidamque 85, 160 418,Ι 408
3111111911 67, 709. 69, 3110111111303, 531 31111111 151, 816. 316, 115
758. 174, 345 3111111131, 194 410, 196
31110111611194, 161 31111619, 110. 100, 665. guttum 77. 73. 99. 616.
3111111111 194, 141 199, 181 167, 135. 197, 144 m.
3111111166, 511 3111111111 301, 505 314. 101, 348. 157, 78
3111111178, 434 gravior 184, 8 187, 11. 338, 753. 358,
31111110130, 578 31111011437, 33 · , 459. 411, 513.456,464
31111145,151. 76,14. 178, 31111011110, 5511901501 gutturaque 193, 110
Μωὼωώμψς οω6ὼ60
195, 191. 308, 681, 681. 31111117,166. 18, 548. 93, 141, 173. 171, 136. 351,
fflss· mffffimm³n‚
swmmmm·mmwmmwmmm
snwmumw³wmmwmwfflmfflm

119, 654. 136,14. 149, 144, 610. 158, 113. 310,
mmmww·mmmmm· Η
ωψώψψιωηωωω ’

184. 315, 3510. 360, 576 165 · Aba 110, 161. 115,
369, 117. 381, 446 gravisque 368, 108 · 718. 418, 679
3111101 56, 416. 154, 495. gravitas 156, 39.165,187. 6161111158, 95

395, 793 35ο,183 = 1116111169, 184
3111116111 119, 819.·149, 31111116 5, 30. 7, 67. 14, habebam 157, 581, 3731
wwwwwssmffimwm 7
fffflffifflfflm ssfflfflssffifflffffimmm
· 1 · 1 · 11 1· 1 1· ·.1 1

m mmmmmmwwwm
311101164. 144 11. 446, 141. 449, 311 1161131. 388, 643
311101414, 307 ’ 3111161111, 333 1116161151, 615, 61946
gratulor 196, 305, 316 3113133, 660 417. 64, 641. 81188
3111111111 115, 100 Ι greges 66, 690. 95, 537. 153, 461. 7,·7, 413681
fflfflfflwwwwfflQmffl2mmmffi
440, 713 395. 311176 151, 851. 187, 81. 3·
3111-11161595, 811 gregibus 109, 5411 141, 51341914414161631
311111.11110,145 553 , 616161101131,161
3111111110 159, 658. 191, 31131114·,311.100,311 6161801119, 558

¹⁹² 31111110 199, 406, 410. 389, 1161111141, 61. 145187*
31111111, 107. 111, 451. 658. 393, 787 416, 761 m

 

