“ ’16611111611611

195. 166, 695. 571, 196. 16111111 565, 45 1619616611 565, 551
..46381 8 ¹⁷⁶ 4616166136 1616681568
{len} 1935’10365. 151,175 961116, 916. ιζ, 166 45, ΡοΙζξ111111639594, 7571. 4
9111111177,75 96. 61, 564. 161, 51. 167 ·
9161116116 69, 765. 141, 164. 15,11. 195154. 566, 16159666161164461

195, 166. 195,196 696. 519, 111 - Polypus 116, 566
9111665166. 69, 544166, 9111161664. 166,156. 175, Polyxena 561,.446. 561,

509· 208,491. 3¹82 ¹9¹· 181· 434111 4⁶0

441,117 Ι 911111 65, 611. 67, 576. 167, 96111195,465. 167,51. 116,
plenoque 551, x325 157. 171, 115. 196, 41. 656. 111, 566. 158, 91.
91411616,545.196,155 ’ 161, 551. 156761 567, 656. 95, 611. 416,
plenum 169, 551. 195196. 9661961165671. 411, 117 617. 417, 56. 416, 667.
..16ῗέ66644 ΡΘ’ἓῖἔῖ 1696811116 ..ἑέἑί3662ῗοί6 4..
letumque 556, 177 156, 551. 166, 571. 196, 657

1161661165, 561 154. 196, 565. 416,469 pomo· 116, 646. 417,
1116166166 411, 494 Ι ponamque 66, 556. 156, 779 655
Plexippi 156, 446 - 96111961 161, 566. 457, 19 pomi 169, 151. 567, 666,
9111111161, 565. 119, 416. poenarumque 159, 461 671 ’ ·
. 156, 554 165676116, 96111414,’1 .ι6, 145. 56, 961114 166, 69. 116, 591·

150· 111. 111· 141. 849· 6511416141· 81. 411. 81· 114» 111 m·

417, 595 66. 71, 655. 111, 467. 794
9161111154» 374 11 , 671. ι41,1οο. 166, 96166116, 165
9166111155,545.119,196.’ 666 161, 5446611164. pomoque 166, 161 ’ ·

1441411 owe 16. 411· ³4⁸» ²18· 1111144161 4
91616611 454, Ι615 466, 65 · 9611196179, 66 . 195119
plumbo 169, 111. 151, 9611166415, 545 pompa 19, 561. 67, 715

716 · 9611111646 544, 164 9611191111 596, 699 ·
9161116661 15, 471. 66, 9611111165,,611.117,614.96166111 155, 556. 515,

717 145, 116. 561, 461 115 ·
9111111661 555, 611 ¹ poenituissem, 176 96111161, 564
plumis 166, 671. oso, 519, 9111111611 41, 49 961111 55, 591. 165, 176.

116,156.195,169. 595, Ρ1161111146, 515 179, 681

⁷⁹⁶· 4211499· 4611357 anffl ¹5²· 450, 454 6083481148· ³5⁴· ²7¹» ⁴³7,-
911111 17, 515. 51, 561. 65, 9614141, 75 566, 677. 566, 111. 575,

656. 7ο, 765. 66 atos: Pohten 411, 151 166. 456, 1
9111111119, 617146, 756 96111611611195, 199 pondere 4, 16. , 16. 6,
91161661 151, 7463 416, pollice 1061 341 36. 146, 1. 46, 165. 7659. x

669 , 559. 161,11. 119196. 11. 11514. 15, 1.

11816485555484η11· 418. 411· ²⁶⁹2 395· ²⁹02 241. 77⁶· ²5‚4¹· 4164· ’
· .

1461 43· 141. ’4141648646 111. 684414. 1161111116
161· 114144 111. 184· 179- 16. 411· 161. 148 &ofin
141 1, 1161115111 ⁴2 -
· 1
,6155161146546455 ' 961111111169116515, 167 , ponderis 69, 756. 165, 169
916116, 561. guy-3. 41, 96116556464. 197, 555 -9611661 4, 6, 1ο. 6, 5546, ,ν
91666664653654. 1615ὖί769 ggilffiltoszz'effi, 4145ῠέ 98 666, κεῖ ἒέἷ, 666, 4⁹ ,
1146846181. 411 11846111 1861 250⁹ · ·
516191416164 1114714146111 11111641169116 141.
9161111661165, 595 961111 51, 195 116.15,455.1 696. ·
911511111154, 555 Ρ6151111116111156, 65 19946. 515, 96467,
9111116117611. 569, 755 1861761611 144, 141 116. 451, 761. 4 ,656
5161169617, 66 Polydoro 561, 451 ponendi 191, 165
9611411165,411.,146,676. Polydoreo 66, 619 96616191146, 715
164,16.196,166.415, Polydori 56 , 556 ponentem 156, 156. 416,
176, 565167. 414195 1619161111 564, 556 415ῃ Μ

 

