' 1

. νὀο11·1111.·ο111111’

335, 111. ,,1, 143111 ,1111141111 ,
113. 414, 368. 439, ,336 7111111111131, 178

463, 646 711111111338 338 . , . ,
‚fastusque 176, 6,661. 436, 7111111611 193 113 71934, 413, 343 , .-
717 711111111841184, 113 7116117119, 411 343, 847.
' 71ι1’118111131,616μ 71111111,111163 637 · 463, 698
7118116433, 811 7111191441, 133 - 711111111446141 Ι
71ε811119111419, 691 711111111464, 33 7117116713, 439. 39,9
7118111111 117, 611. 176, 7111111314, ⁶5 71111111173863. 113, 367,

411· 141,4 1111118111· 111114 · 11111
7118111661 166, 638. 333, 7111141111,1134 316 71111111111 2ss 186

precanda 196, 37 7111111143,148.80’ ²8·
711186111119183 7111111161,374.171,161.141133 178, 636 ,

7111111199, 464 311,186 711111118369. 169, 333.
1111111111. 114 · ,1111111111 111. 111· 141. 111. 811· 1111114 411.
r 1811111111. 111 1114411111 811
3111111418 1444, 116 7111416161, 111 7161111336, 311
7111811 36, 394 131,168.7111111111 168164 m, 8888888801883 8884608.
41888 411. 811 411. 111 1611114 118. 114411. 411· 411.
,1683117111 88:228813554724'38370 premunt& 48 148, 331 ,
7111311176, 31. 348117. 7111111 13116. 11, 367 prendere 131, 437186,
441111 18114 181. 14 411. 18
§.ustauh ,316 739. 464, 691. 436, 736 711116 1411186, 38
681 7111161137 76 7111111133, 7411
3116116171, 431 7111111366, 48 ’ 71818111411166 317. 331,
7116161333, 381 7111111173347. 186, 791. 347
11111111111141114 1881114118. 111· 111111818111181414
114. 181 111. 111 181 11818118. 318
71111111196163 7116111461, 393 7161814149, 616 .
· 3111416631 7111118, 348 168161. 179, 71818,14331 333
pestem 386, 391. 469, 483.131,171.131,831. 7111111111416, 163 .
111 · 418111 1118161611 1. 11 1141111·
911819113638, 748 preceris 3116, 49 9613 61168179
311 11111136, 391 preces 58 481 96, 378. 111, 711111 314 333.
7111811114, 314 471.176,114 146, 681. 7188911463 694
7111611111. 347 ²03 77, 483 366, 644. 367, 711 9141118191
111181181π411118 81· 111 811141. 111
7118111311, 9 71111841111, 813. 393, 833 9116111614ςό, 471
11111111 114 414 411. 18 411 111 11118.111111 181 181118
’71111111111311479 precib 111 11, 377. 34, 7.71 468. 416
,1111118188 1 11. 181 11. 411· 181. 1118811141. 111
311111314113341, 311. 333, 68411473113,1ο6.71118141116,114
118 111111111411111. 11. 181111 141. 111 181,
71111111181176, 388 6.81 316, 139. 317, 439, 186
7111111111 148, 339 417, 381 711811411364, 337
711111111411416, 189 7111181411 33, 397, 198, 91111178114411, 31 343,
9111118, 96. 97, 391. 141, 131 116 ,431 , 141
139141,111.173,187, 71111117,364634,361,361. 7118191173 17
8481548 8181898488· 68159898184888318888888741838448188·
184 111 111. 111 14111 41111
7114119116141,137. 416, 143,181.111,616.143, 7118111111, 447. 437111

1111841111 8111111111· 18181114111114. 111· 118116
7111116163, 16. 116, 738 &aliha 857187 858 1⁶⁸

7111111113184 711811611191, 89 , 311116411377, 311. ’7
71ι11111111146, 166 7111111161 348, 113 7111111119,113. 9’

71141111417191 7111111111οό ,449 7111111166, ,84Ι
. 9411111136,141333,647 7111111338,369 136, 47 364, 366,

47911 · 11111141. 8181181188 11 ς438117 181779ι

 

