vocionionom.

’86148416 448, lio. 449, 445. 484, 755. 464, 55. solum 641744, 5444476,
i 818 · 466.144411»341·411. 332,582. 476444· 461,
solebant 467, 76 445. 464, 649 885
soleba 320, 457 soliti 486, 686. 444, 47 solum 686. 449, 755. 595,
solebat 54, 659ζ 57, 448. 86114684, 475. 466, 465. 847. 456, 456
74, 845. 84, 465. 97, Ι485, 786 [61664946164 44. 443,-
586. 444, 49. 489, 449. solitique 46, 464 5 486
547, 444. 554, 554. 559, l'olitaeque 45, 454 solvo 445, 654
544. 586, 417. 584, 444. [611644694499 solus 464, 688. 447, 667.
·445, 546 soiius 77, 74 465, 98. 476, 446. 464,
,Uolero 55, 594. 116, 476. soliti 498, 476 . · 74. 475, 546. 574, 474.
5 1181766636 [11111116100-16141 . 4414443- 66414316
1616664478454 · solito 125, 554 474. 446. 549. 444, 447, 446, 469
solenni 444, 464 494, 84. 444, 557. 458, [6161964459558
solennia 484,4 · ¹ 465. 566, 658. 554, 546. soluti 494, 467. 447,744
solent 95, 485, 489. 447, 444588 solutis 84, 476. 444, 555.
565. 457,585. 484, 587. solitum 108,83 359644 ·
“ 494,466. 444554, 546, solitumque, 445, 454. 567, soluto 586, 584
444ι 444144· ³42» 51· 71 mmmm, 1164441641
448, 495 solitus 449, 848. 548, 484 558, 745
[614664,575 sollertia 44, 594. 484, 575. [6144464465 696 1ι
solerti 455, 776 · 484, 746. 577, 547 somne 554, 645
161444164- 554, 655. 446, [6111644454474. 566, 659. somni 496, 445. 445, 646,
644 449, 766 649. 454, 844. 479, 685.
solet 41. 14 44. 825· 82, 1611614146400 332, 5⁸⁶· 444. 564- 444.
’484 87, 494. 95, 484. [611161444478465 5 446
458, 666. 465, 47. 464, sollicitat 479, 684. 547, somnii 474, 4,·4. 475, 495. ’
⁶3- 411. 559· 192, 7⁹· ¹70 11· 4465181414 416
449, 765. 4465, 467. (⁶5 sollicitatque 444, 475· 647 - ’
alibi. ’ [61116111964466454 , somniferam 55, 672
, soletis 596, 545, [6111616144ι9,455 [66611141484695
’[616464445, 449 sollicitive 333, 599 somnique 448, 444
soli adj. 468, 473. 564, 644. [6111614644. 445. 486, 699 somnis 445, 665. 465, 659
585, 567 , [6164117. ι94,6 .548,456 somno 45, 444 5574476,
[61174671. 448, 484. 397, [616 74171 45, 420. 56, 416. 779. 479, 4891474, 486
844 19411- 144466 141, 1161444116148466.
solique 448, 685 44. 544, 76. 574476 597 . · ,
vsolibuo 45, 455. 464, 65. solos 56, 754. 554, 658 somnoque 98, 668. 459,
[616194ς ’47ἓῖ 484. 464, ’49 sgssssatte [50517 [ἒξ. 495, 486. soisisxio 54, 685. 68, 755.
solidam 494, 486. 544, 74 447, 765. 465, 474 498, 494, 455. 498, 455. 559
solidas 444, 554 ’ 569 664
solidive 345,‹24 [614644 464, 6. 556, 684. somnum 554, 654. 355675.
solidis 45, 447. 448, 646 455, 844 589, 676 ,
solidissimi 447, 464 . 16141445, 464. 456, 58. 475, somnus 454, 784. 494, 655
solido 484, 575 845 ’ 466, 549. 444, 654. 445,
[61484964554 556 solvit 13, 484. 44, 209. 73, 645. 444, 84 454, 845, -
[6118666445 456 ’ 855. 85, 464. 449, 586. 444, 474, 459.- 498, 568.
solidum 44, 469. 546, 454 495, 494. 446, 455. 456, 555, 647
solidumque 5, 54 54. 474, 447. 486, 767. somnusque 437» 45
solidumve 477, 645 485, 795. 546, 446. 557, sonabat 464, 459
solio 46, 44. 86, 475. 484, 744.. 466,.86. 458, 48 1694886485, 785
650. 444, 464 459, 74 sonabunt 494, 4ος
8111 ιο. 13618411- 44. solvitur. 4¹⁹2 4⁴5 11111116· 333 κ
,ι 767. 59, 4. 45, 454 46, solum Jubst. 7, 75. 56, 466. isonam 466, 564149, 995.
464. 75, 46. 84, 48596, , 469, 454 445, 498. 448, 464, 474 586, 449. 467, ⁴
4981104146· 1116114· 367· 190451· ¹93» ¹¹3· 734
545, 454. 4548, 655. 454, 496, 466. 456, 789. 447,ι sonantem 558, 548

555. oo, 465, 45. 23⁰2} 467· 444, 418· 414, ,144 Ι 1661116446444 '

 

