1 ι

ωΜώΜὼ
111 51,170,171. 58, 497.
89, 551. 118, 615. 131,
mwmmm
195,.189. hir. 198,161.
100, 514115, 51. 149,

741· 146. 50· 415. ²79·

500. 45²··32⁷· 419· 345·

153. 581, 611. 404, 58.
410,106

terque 12, 179. 41, 49. 113.

517. 198,161.165,117.

551188. 587,610
tercentum 408,146 .
Τ1111183,615.184,647

, ‘sertaque 352, 555

Δ terebat 546. 167

teret-xta 171, 160

Tereo 184, 655

teres 68, 73 5

teretem 161,11

teretesque 194. 160

1011ῐί 189, 115

Tercu 179, 497

Tereus 177,414. 178, 455.

111. 471. 478· ¹84· ⁶50·
184, 681 ,

’1111111901 178, 455
1115111, 394· 39· ¹0· 471

187. 76,11.77, 68. 97, 686. 159, 644. 181, 558.
875· 131171517191705·
141,161. 147, 315. 167,

115. 170, 113. 1751 579·

181, 551. 189698. 191, 157. 15,180. 17,183.
wwwwm

INDEX

Ι154. 75, 870. 79, 116. terrebit 99, 561

81, 151. 99, 655. 100, terrena 22, 408

655. 110, 440. 117, 610. 1111111117,68

150, 406. 154, 491, 496. terrenaque 197, 148

169, 187. 176, 596. 189, 1101110447, 273 ..

23. 195, 191. 196,1ο4, 11111111 1ο, 557. 45, 174.

106. 441· πο. 519· 116. 3272 417

¹39· 237, 401, 415. 144, 1111110567,85

608, 609. 151, 850, 855. 111111 umet

164, 154. 166, 518. 171, terrestribus 411, 479

447.177,655. 18517. 111111 50, 161. 151, 7η.

289, 128· 301, 480, 490· 1991417· 3241 305

516, 407. 400, 948. 474, terretur 116,598

860 terribilem 17, 165. 5501
mwmmwafflmw

wwmwr mwmmwr

111105, 57. 6, 51. 10,158. 111

16,147.11, 564. 11, 595. terribilesque 151, 411. 4711
wmwmmrffl

smwmwssmrmffiuffnmm

wfflmmw·mm

140, 111, 156. 147, 311. terribilis 181, 595

148, 554, 561. 155, 481. terrificam 11, 179

154, 491. 164, 71. 186, 1111141011 194,141

mmmmmmmwm

164, 141. 196, 506. 557, terrigenasque 190, 59

714. 558, 511. 580, 410. 111115101179,118

, 405,7.405,81.471,817 terris 4,11. 11, 151. 18.

wwmwwss
451 ¹⁴9· 5²» 307. ¹¹¹⁸
²03· ¹5²2 489· 1541 814·
169, 190. 411, 145. 4141
mmwwffl
441, 148. 470, 786. 471,
wwmffimrffl

terraeque 45, 96. 150, 680,

110, 578. 3451 1304441

19514001550
terram 5, 54. 8, 84, 11,

137, 419145, 648. 158, 185.116,441.116, 155. territa 51, ⁴⁹²· ,1,,141

101. 159, 117. 166, 510.
mmffimm

wmmmw
mmmmm
‘mmme

,mmmm
tergaque 505, 591·

tergo 75, 869. 77, 71. 108,

1991803451113- 3⁶02 1501390· 103148· 8081
fimwfflwrwwm
3Wmmr fflwwm

mumque 554, 2530 2989 888888188 157 2³2· 797 8151
339 111, 489

ten-rrum 4,14.’1ο. 154. 0110114440. 111,485

115, 118
terrarumque 3917 , .

1111011 14, 101. 53, 311·
78,101.515,150

101.155,548.189,114. 1111114,11. 11, 150. 15, 1111015158,414

⁴²9⁶·329

tergoque 18, 541. 156, 54.

3511345
“wfflm
tergore 145, 649
tergum 11, 565. 47, 101.
. 554,401.411, 500
tergumque 152, 454. 415

1111661318, 654

1111191185, 11
terme 195, 190. 104. 414

terrasque 541, 59. 406, 86
1111111 154, 801. 148, 558
tem 7, 75. 19, 514. 11, terrebant 177, 415

, 11590611. 1115. 45, 1011111151, 816

189, 195. 14, 11516, 111101111171,441
2wwmmwmm½m
599. 51, 654. 55, 674. terruit 55, 727. 101, 744
59, 6. 41, 65. 111, 194. 584, 105. 411, 518. 4371
JfflffiQffiQmfflffim

524, 528. 415, 61. 519, 1116168, 756
wmwmmmwm =
575, 191. 580, 400. 455, 11111110,115. 55, 550. 141
Smmmm mmmwffi

ffiwmmm

· tertia· 11911.. eto. 717.
3071 7⁸· 334, 641. 58115

6

 

