374,253 primosqu'e 107, 33. 136, 3110114111 161,1
3116411311 131, 333. 133, 116 31061111 366, 33. 418,

3116 3111111111 adj. 177, 617 661

Priameia 380, 404 384, 3111111111 adv. 14113111, 3111611414, 313

81131616 380, 403. 381, 470 66136136) 15177, 166, 8681 6666166681ςῖἓῖἱί
8111131011 383. 481 , 148. v& 1661361. 3106014331
86111101.1“4113·68,34 3111111410 73, 111. 137, 310610 308, 633

81611166 331, 713. 433, ,331 ’ . · Ρωε1416,611
,681111 ·⁹'¹33·'J.⁴¹135.’233.⁶÷:⁰⁰' ⁶⁷¹· ἔῊίἑέἒῖἉΞ,
mumque 372. :ox 3111113111 33, 386 proceraque 398, 831
P'riamurn 371, 101. 384, 7118111841115134 31011111133,764.178,411-

· 168.. ,4, .. ,1. 1., μῖἒέἐῖωξζίζὲὲ ⁵¹⁸· ²¹⁸2 8ξῖ ἓξὲξ 88. 8888

Ρ111111184111380, 404 31101 11, 383. 88, 331. 8 , 433, 446. 461, um
86131167, 347 338. 103, 111. 147, 318. 666 ·
1111111411, 758 111· 4111611141· m. 1011111411 91. 110 141
3111111Ι 8, 83. 33, 633. 41, 310. 187, 67. 333, 441. ,316

61. 11. 140· 611. 110· 30. 161, 14· 418, 37· 444, 1011101111. 110

138 84, 131. 88, 341. 1111 3101011111 134, 731. m

101, 711, 611. 711. 113, 311011 177, 316. 414, 307 381.

363, 733, 733. 148, 347, 3118011441, 158 31001181ίῖ1 66, 685

342, 343 &alth 31101111444,181 31011611 103, 313. 1⁸·
311ῐο1ιῖ 187, 711. 103, 336. 3118010136, 738. 430, 331. 333

111·106118,111·141, ,1111113 Ρ11411111111111406, ⁸⁹

141. 330131. 441,111 31101116,131. 83,133. 166, 31013 333, 733. 418, 673
3611131173, 107. 131, 431. 311 31011611 178, 649

113, 713. 371, 104. 376, 3110116111 130, 133. 433, 3101118661, 371. 311, 341,
⁸ 01 44· 41, 0

3111318411 3, 3. 440, 106 7110116443, 118. 447,177 Procne 1⁷78, 433, 440. 164
3111111134, 140. 443117 3101111117, 764 117, 171. 366. 181, 333. 113, 613,
3111111411 131, 301 133, 118. 441, 146. 463, 610, 613. 184, 641, 633
31111111410106, 41 ‚775 Procnen 173, 470. 181,
3111111371, 107 311111 160, 677 363

primasque 145, 184. 180, 310131, 633 · Procnes 177, 418. 177,

7¹7 311818 1-11, 113. 307, 645 468

prim· 107, 68. 108, 301 4111111113, 653 procorum 134, 733. 13310.-
3111311 73, 871. 87, 313. 318810311461,593 418, 681

Ι133, 481. 118, 804. 133, 3116111433, 830 Ι1110111183, 681

313140, 301. 160, 133. pristina 83, 103 , 81011111 113, 711, 717114

347, 183 privigne 170, 413 830

,31144414 5⁹⁶ 31111 10, 133. 13, 130. 46, 8101111114, 634. 1137118
{mina ‘²3¹³ 174. 300, 166174. f? 16813111. bis.

⁴33 31014,181.11,400“.33, 8101116111103, 438
3111311111 330, 171 706. 43, 99. (V 0661· 31011811611374, 161·
11111111. 110· 114. 144· 41111111· ,11111111113441
Ι111, 111· 111, 11· 111, 111111 11611· 1141 111· 1111111116110· 1611
4881· 411, 111 113801· 1111111 11, 414· 140. 111. 1111
3111101111. 131111. , 31131111411380, 416 131. 373, 282

68168390· '¹³⁰⁵ ⁶ ¹· ,888888 '2⁴⁰⁸ ‘’¹⁰12'ss ’‘f’' ²²03? 8881
1811111111, 1111101111· 111111041161150 flur· μ’ ’

306, 636. 337, 716 3106111116144. 10641 3111111411 ²3¹· ²5⁶· 333
31111,11611141,’130.433,38, 310681111348, 114 374
, 67. 431,,33ἰ · 310611111144, 616, procumben 33, 347. 31,
7111111161, 14. 118, 803. 310611134171 383. ,,,,,1,

’166, 313. 1631333187, 31061131,613. 83,-330 3101110611111, 373. ιη,

81100110 1016114411 · . ,411

’11111111

 

