16611616161

ωωω661 ψΛ666ἯΛ11861Μ·Ψη6
ventis 5, ’96 16, 116,191. 967, 657. 356, 469. 414, 988646 .
87, 966, 117, 611. 196, 961 1618116168,“99.119,499.
46, 51. 191, 79. 169116. ruthenia 197,146 1116111’198,179
176, 591. 919, 487. 956, 1616616 55, 999. 166, 661 versavitque 957,499
8118888388 ⁶³² 38888ῗὲ. 575 ,. 3:13q:3³;9³.⁸⁵;‚2⁸⁹
‘ · 1 · 1 · 1 1
ventisque 498, 49. 456, 988.116,154.141,194. 1616169,415.151,819,997,
999 ⁴ · 196169. 661, 948. 166, 965 ,
vento 59, 566. 69, 761. 186, 156. 964, 5594968, 761. versu 117, 998. 151, 869.
686. 657, 819. 465, 77. 919, 666. 949, 196. 68 668, 968. 999, 663. 419,
1161111 ainsi· 1611118168161
ventoque 699, 471 · verbaque 168, 151. 961, 474. 1611111167, 948
votorum 19 5,7 915, 987 versum 115, 189. 169, 115,
ventorumque 98, 596 1616611161 76, 899. 198, 981. 966, 581
16111616, 56. 95, 767. 119, 464, 57. 416, 516. 455, versus 66, 595. 111,119.
⁴ 669. 196; 161. 919, 49. 815 196,11, 141,161. 117,
wmmffimuffimwmm ¹Qfflm2mw·

747· 342, 37 1616 [ubst 444, 161 175, 5⁶1· 347¹ ¹79· 39⁸·
66611665,459.156,865 verbm. 116,191. 194, ⁸⁹7·430.737

ventrem 179, 684 911 versuta 919, 312
ventris 156, 865’ verecundo 494, 846 vertatur 91 ς, 169
ventum 146, 146. 145, 176. νο16118111165,176 verte 71, 841
496, 776, 16166161169, 118 16116611118, 791 ·
venturaque 470, 799 vereri 41, 69165, 166 vertentia 159, 477
venturi 168, 157. 176, 417. 1616111196, 587195, 187 1111616415, 967
· 976,161 veri 15, 115. 91, 614. 97, 1611611 116, 419. 695, 984.
ventus 161, 796 764. 117, 611. 144147. 969, 769. 991,547 *2¹
Ι8161111688, 519. 164, 591. 191,91. 111, 666. 941, 1611616199,111 1
mmmmmm2fflfflmmm wfflQmwm
551. 199, 196. 695, 177. 1611416417,644 1111161471, 851
mmmmmmwww 'wffiwmw
ι 571, 585. 491, 789. 476, 16111 ad). 259, 198. 417, 16111 189, 197. 1919797,
8666966786814941 1661068118, 617 1113661688, 716. 115, 558,
16716158, 618 16161119 ,184 191, 791. 138184· ¹7⁰0
161 9,167,118.156,991. 1611161156, 554 164. 185, 671. 191, 6,,
187, 85. 191, 165 1611161491,769 115, 767. 111, 9. 131,
1614664617 1618161171 43,98. 191, 169 189. 911, 4. 966, 304&
‘ 161146, 38· 1661659. 145, 16166811. 46, 178. 59, 518. alibi.
166,17ι. 155, 565. 165, 69, 611. 77, 71. 81 alibi 1616661119916 ἱ
164. 115, 769, 733. 185, plur. 1611ἱ611956,1 8
20. 967, 95. 987, 667. 1616146,49.114,171. 966, 1116986641, 76. 991, 543
1611186161 4wwm‚Q·uvfi&vwffinnw
¹ww3 mm wwmffimss

1618119896156, 55 venit 186, 766. 917, 166 751. 119, 566. ¹55 545,
1616194156 1618161, 468. 195, 5. 184, 165, 95. 197, 4¹²· 3²71.

161116 414, 919 ⁶30· 418145· 4461861 4.²‚²· 3301499· 8461 ¹³9
16111119, 195 11188 66, 698 16111111 116, 594

16161 999, 588 1618166157,456. 166, 11 vertitur 15,195. 119176.Ι
rerba 8, 91. 16, 989. 17, 11166 199,194.194, 141 159, 698189671147,

569, 516. 91, 47, 657. 1618116169,151 766. 178, 669. 959, 566,
, 94, 766. 96, 746. 51, 1111111166,94.141,598 454, 415. 458, 511
181. 58, 481. 6, 666, 16161111111146194 16116 186691

667. 68, 744. 81, 191. 1111“611161116,119 vertor 65, 669
Β 61117111. 1618816111 171,147 86116661417, 641
verbaque, 71, 816.δ 181, 11188416 941, 545 1611111147,116 ’
vertuntur

 

