18618

6.·,11 166, 41. 195, 174. 371, Sirenis 156, 555 ’ 1641111961 146, 517

..88 1³. ·.,., ..1, ,3, 1111171138, .,,. 6,, 1882888835
6111411146, 664 634. 107, 483. & 1661. socias 379, 975.-
merumque 344, 100 681711194, 154 1641114111 104, 9
111114, 10. 8, 87, 90. 20, fiste 154, 490. 115, 716. sociati241‚34⁶ Ι
118- 21· 1.·4- 8 aaa 414841· 414411- 866414426171446
9111119111. 6114111158169 4 10611177,’ 1. 98, 611. 136
11116111 119, 811 181433, 803ι 386. 388, 631. 377, 348-
66161178, 89 11611481,154 381, 449. 465, 71. 416,
infles 168, 74 11111161 146, 669. 441, 131 193 ,

, 61131111 176, 607. 315, 197 ·1ι111196.100 11416149.378. 36667377,
111146111611111 146. 134 18119114 1·9. 691 , , 140. 460, 949
19799111694189,499 6111616111 181, 777 sociorum 98, 605. 4181
111111 166, 446 86114111 18 3, 783 106
finistta 6, 45. 131., 733, 441, Sisyphio 365, 3² 101101659159. 366, 73· 3781

1641685416. 351,947. Sisyphon 111, 466. 964, 1133791361 374167.
114. 441- 461. 611 46 444. 641· 4¹2· ²5³

, 1141111111 66, 681. 943, 89 1414110. 114, 1511316. sociosque 183, 795
6111811446, 18 147, 148. 11, 380. {5 16416141 315, 94359119

. animo 176, 465. 181, 591. 1116191ἀ69111. 418, 678 Ι 8

161474. 174. 517. 166, 6116111774 - 801 16. 117- 46. 18 16
474 6441471446 447· 77. ⁵0· 86. 441
canistrum 353, 361 8111166111 181, 588 153, 483. 156, 570. ¹5⁸2
6111131, 6363 43, 89. 90, 5111611161386, 571 614174,339.113,661. 7
377. 139, 119. 166, 167. Sithonis 107, 466 314, 353. 387, 663. 618
331, 566. 351, 194. 469, 1114661181, 766 . 395, 811. 404, 3443ῖ.

776 6616111413, 177 30
81111196, 546 1111111 91, 415. 108, 98. Solque 111, 488
tmt 16. 480· 64. 117- 418. 411446· 64146114 681614· 16. 111· 11.
64. 147, ww& 175, 366. 449, 311 519. 89156. 134, 791.
1111414111,616 1111114111 346,156 ⁴ 163, 45. 195, 188. 119,
661 113, 516. 174, 338, 1111191, 415. 110, 569 14. 181, 758. 36413.
111· 164 118- 184. 416. 66116114. 768 , 186416· 18614411.
446. 1141471848 86611. 147· 111161 ¹2- 8160148688·
661111111173,875, 101,681. 11111964“199,19ο . 431, 783. 471,807
8281 580· 4²¹2 501 s¹⁹⁶ 81 78, 80· 87166467ἶ ί6818531489· 8101853·Ι 3⁶¹! ·
1111111111 331, 55 9 100, 678. {9' 11161. 175
1111116411136, 381 smaragdis 40, 14 1611710631. 177411
111.11161176,41 Sminthea 360, 585 solam 198, 395
111111111464, 51 166614111411416,151 Α 16116111318,448
111111.11111111,3ο ⁵ 1011111, 445. ¹4¹2-*152- solane 469, 768
. ’1116111156 64 134, 315. 317, 431 1611961116, 364
5161416466, 715 socerque 186, 700. 181, 161111171,191
anumque 156, 393 756 1611111393, 747
- 11661119,416.’155,534. 16441180, 131. 149118. solatia 127, 664. 138, 77.
. 134317151786. 316, 179, 447. 191, 96. 195. 141191.176,413.140.

⁷ 468. 387, 614 176. 115,11. 319119. 516. 155, 7. 178, 651

66166 418. 68 ⁴202 464· 444. 176411. 481. 414· 141. 141111.

⁸ 1111118. 184. . 53, 335. 861 Ι 781. 343, 8ο. 386, 598

113, 497. 116, 596. 158, 1611161647, 176. 178, 443 . sole 7, 63. 36, 751. 78.

668· 241. 841· 422 5¹3· socerum 255· 44116811· 771· 16111· 111648·
4181416181· 467. 446171 · 7⁶2· 74. 868· 14. ⁴¹²·

721 · 8866641611. ⁵2⁶· 114. 16481· 418. 861816
8641141117,167 561 . 93. 178, 661. 199881

. 81971611314168, 149 sotim 31, 610 339, 776. 463, 10. 481

, 81517111 177, 131 ” 1611181417, 380 400 -
{quidam 232, 104. 319, 1661111116805 1011101451, 357

449 1641111195,168 1441411116,363 w

 

