,INDEX

memmmwwss &mmmm
545, 55 junguntur 996, 554. 959, 599569 56, 494 65, 969,
fflwmm m ··ffl
5959699456, 465 June 59, 6ο’9 65,5 465. 59, jum 99, 649. 959, 959,·
5959196969, 459 596. 65, 9656 ,569 955, 596 946, 559. 965,
&mmm xmwwvtmu& wwwman
5999999 545 69 9999 479 995, 595 954, 599995,’669 555, 69. 966,
95969 956 499 ,.559 955, 99. 969, 569. 559. 596, 459. 565, 556
Jssszavz mnwnfflmwfflhwnff²ssufiffls
,JssmmeJ 89 73Mwnmm
mmww wmwffimw· Nwmm
ψψωωωβυωῑμωδτ mwu
,Qmmmmhmmmmw·fflu ω-6ω6
’518999594586 459 598889858952999496, 955 8858 134¹·³ 97689, 848. {x
595999 46, 969 55, 11.Junn1s 999, ι595. 965, 1J.8 96,4 ,7J7. 65959, ,449
fix& ’ ssffissffiffimffffsswmn
mmm m ww
Ἰ,919455 455. 5999969955, ,658 Jussam 79 950 959, 696
Junci 995, mu 59999999 595 559 5969599 996, 59. 459, 56
5595559995,5 556 59999969 956 496 5969996 67, 989. 9945 6.

JuncismeJJ junth 1 ιο, ’956 955, 596. 999, 659. 955, 595. 546,
Jnsswfiq ut 2³1 1350 507, 214, 504, 2¹5, 212

mfflJ2m· ῃι46· w3un9wmujfflmflnvm⁶v
69, 694. 66, 599. 595, 555, 595 5969 999, 999. 996, 955.
mmmmmwwffiufflw³mm
⁴ssQ·nm⁸⁵·w mn2v⁷·mfflwffwmuo

ιφ 9ὼ999ΜΜώμ66996
9 599669956455 . . 499, 456, 444. 8

8m²ffiamumm

' 5999669999 999, 99 955, 495 66, 969. 996, 649 999, 655

999,969 659. 959, 696 956, 99 Juffisqum, 565
mm·umwss⁶wsswn·mwstm
565. 966, 999. 999, 565. 66 59, 69949 49. 955,
, 999, 566. 999, 695 944, 459. 959, 646. 965, 99.
5696699 55, 599. 55, 544. 696. 95594. 964, 945. 996, 955. 995, 995. 3
995, 559. 966, 999. 499, 959, 495. 959, 496. 999, 9669
9.5.6 595, 49 599, 996. jufJthue407‚ ¹¹5
Jmmeu⁶h³w u2vss4ss3QwJffian7fflfl
ummssmmwmwwmmffi

599997ᾶί96999, 955, 548- 6879 ⁸43· 473» 858· 4ἳ49 ὈΒ-849 751· 3342 ⁶¹³5
7⁰¹ 866 jussun. 464, ⁶80-

5995666999 955,69 599959, ο5.56 959, 59 6. 969, 59699959, 995. 459, 554
599695999996,·6οο 556 996 595 995, 599. Just: 65 695. 66, 559. 995,
,ΜΜΜΜ ’9Μω99ω ssmumfflffi
5996 9999559, 999 · 559. 996, 599. 995, 559, 459, 565

mfflwwmx‚⁸n 3wmnffifflmsswwmm
59999 69999559, 966 459, 655 596999599669, 9

996999 54 566 ”· jurabat 999, 59 · juste 955, 594
amm-mm ww& · wmwQM·m
5999959 949, 599 Jurant96‚638. 946, 596 456. 56659
59995999 965, 82 496, 6655 5999999999 ,,65 559 justiffime 494, 599, 499,
5999599 999, 49. 55 6, 59 Ju 99 965, 695. 969, 499 945
. jungi 996, 54. 996, 556. 5999999495, 646 5966699999 ’995, 995, 459,
955, 466 5999669 96, 949. 49, 49. 65, 655
Jungit 994, 495. 996, 469. 996 5966996965, ⁶78
995, 569 599.,99999 55 justius 9 ,ο 699. 469, 566
5995999956, 446.955,555. 5999999 566 5ο 596946, 565 66,,,5 555,
πψῡ 'mmmm mmm ,

 

