10011

1101101111, 471 lem 108, 97. 115, 514. 10110116. 586, 599· ’
11111111 585, 5 1) 585, 547 1011111159, 476 Ι
1111001556, 465 leaenae 177, 614 lenimen 179,- 500. 711,
1100011106,444 Learchum 115, 516 450 -
1110810 7, 70. 4411147 10111 171, 500. 175, 574 lenique 71, 811
6011001414, 575 , 11610588, 640 {enixe 576, 517 ,
’ 1110111051,169 11611 71671. 110, 571. 115, 10101119,816. 4554598 .
111οἰ1 58,495. 147, 551 . 710. 110, 657 lenisque 50, 580 -1
· 10011900 586, 581 1061170019). 196, 515. 411, 10011156, 758. 541, 55 1
0100110, 55. 150, 690 - 151 1061197, 569. 181, 765
..1111111111 1111. ’1111 11 11111111 1
111010116,”148 ’ ,755 . 10011446, 156
,11101 19, 515. 4, 576. 75, 111101 71111117. 175, 511 10011900 71, 807
865. 76,1’5. 81, 187. 140, 10601070111117. -55, 558 10111 77, 66. 188,101
116. 141, 159. 150, 588. 1111007117. 519, 471 1001175. 15. 517, 179
171,159.164,159. 170, 1161011500 519, ’471 , lenti 460, 565
4111174, 517. 61 alibi· Ledam 166, 109 lentisciferumque 466, 715 Ι
1118011111 414 11145111, 878 11100171» ⁸0⁰
hudabmn, 29 ' , 1151111411, 517 10011161, 571
laudamus 559, 548 1071101191, 108 lento 510,· 756
laudando 504, 581 lege 71671. 8, . 15, 477. 1011101451, 761
· 1106011185154 47, 104. 4, 650. 88, 1000190056, 419
1100110 161,5 450, 711 516. 155, 551. 191, 105. 1011101168, 555
11081101 500615 519, 489 nonem 17, 505 101, 577.
laudat 16, 500. 500, 440. legebant 9, 104. 174, 544. 148, 751
> 538,750' 114, 669 , 1001101 18, 504. 109, 114
1100111157, 581 legebantur 8, 91 505, 541. 708, 704. 5501
laudataque 58, 480 1051611 116, 515 ’ 511. 440, 86 -

1011104176 legem 7166. 61, 555. 151, 10011177, 5²

1010111157, 988 704. 186, 50 leonibus 505, 551. 415,

111161ύῶ1101 0, 715 legendo 150, 594 5
11011110 595, 801, . 1051111416, 550 10001141, 81. 78, 91. 1671
laudatos 157, 59 legeret 1561 554 · ¹23. 258, 115 4119107
111110110118 11011111· 111. 111· 1151 1010075541,
110110 ,1. 451 1041011110-10118 11100101» 118
6011110111 559, 548 10501 verb. 595, 816 1070111900 596, 851
110110150165. 575148 legi verb. 517, 419. 575, 10901440, 100
. 1100111101 1605 , 141. 471. 814 10111051, 557
11001115461. 144146 legit 5, 1775, 17. 116, 515. 11111010 157, 69. 160, 151
1101110161,6.596,114 157,579.181,581,176, 1110111159, 150 . '
110611 158, 68. 164, 85, 585, 491. 1706, 89 465, 11161515, 55
1141100 359· 539· 367, 7917466. 709 - 146016117οῑ· 170111
67578151 10511100 500, 457 1011111065, ,1
, 11161017 ,679 1050111458, 56 1011111οω579, 39²
1111111467, 7²8 legumque 175, 551 1011011700, 455
lavit 198, ,167 1150111 155, 485 1016111601550, 515
1101019, 559 6111510178, 644 1116111171, 827 Ι
11010119, 566 111051ϊ1106,445.111,6 lethumque 77, 55
-11010011415598, 10101155, 511. 141, 567. 1101101117, 70
1101011111 415, 541. ι 144, 617 “ 10111τί 194, ¹5²
1001006 415, 556 Lemnicolae 69, 757 Lethon 5 55, 60 3
11010 507, 165. 450, 710. 1100104111, 185 κ leti 55, 661. 105406. m
4⁶¹2¹59¹ . [181101166461161713 - .564.,14,7τ5. 7081616·
. 6010090170101 [01100 516, 155 514, 558, 37⁰¹ 567.. 49,
hum ²4» 450. 111, 91. 10110 105, 14 776

¹ ⁴⁶²2⁶34 . 1005178, 660 letifer 140, ¹²7
109411078, 19411 1 10111 adj. 518, 191, 558, 10116011 561, 606
, Ι 517 ¹ 1016001160, 166 w

 

