,vo-CA&MORVM-&OMNfflM‘'s

619999967919999799199999 6996991991 verstem 6911999,

A· ·' abfumm215‚ 796 9619991199 96,69ο
· abfuerant 28⁶ 55 9669916116999, 976
Ρ99. 99. Ver. 999. absunt 966 96 η 96619194, 99

99, 979. 96, 966. 9619 66, 696, . .. 966999 996, 999, 997,494.
96, 99. 16 ,6696667169- 969699 996 696 996, 766. 966, 697 974, ,
9991119919. , 9616991999, 879 876
969, 9. 9, 99. 9, 9466 96169 96999 99 9669969969, 999. 999,966
9696, 999999 plur.. ‚ - 96119969, 674, 969, 679 9669999966, 966 ,, ·
6666199 66, 666 abes 966 99 9666199 99, 999 .;
Α6999619949, 964 961919999469, 69 9666196676, 557. “
mutim 997, 667 976, 969 go 996, 969 9669 997, 699. 979, 996,
ὀψηωψωΜώΜηωυμΜωψ·
’,619163 2²2⁶ {233523255150’ 29161ῖὲ59931.
Abu 996, 996. 351, 966. 9619966, 697. 67, 796. 99, 9611ιωὶ99999, 999
4ΗΜ ωόηωθ vssstQmmus
9966969999 997 99. 997, ³⁰6 9699 99 455 . 96619919949799
9661619996, 97. 969, 796. 6619769, 679. 9ο, 996. 999, 9661919999998, 994 ., -
994, 79 , 969 ,,966 967. 999, 649. 9669699969696
9661996 59⁹ 966, 999. 979, 479 967, abstrahere 9² 996 z
16619966 ,.746 999, 777. 997,- 769. 996, 769. 999, 966. 9669961999, 666. 969696 .
sswfflmmwzffimmwuwb Qmmn
mm ΜΜΜΜΜΙΨΜΜΜ

9669.,4999996 96. 966,47 9967947. 969669 ab stulerat 999, ὦ. 964, ,
9669989999, 4677 ablata 79, 679. Ι996, 99. 969

96699996, 99. -,99ς 979. 969, 996 96691999944197
947, 695 , ρ.. 96991996, 96 9669199999 967 697-“’“
aetat 999 769. 967, 799. 961996 96 766 . ..7611969969 791994, 99, ’
233,·309. 251‚·811. 997, 99199969996699 6 969, 557. 969, 999 869,
6ΜωΜΜψ6ὥᾟᾋἌᾌᾸἈὟἘὝῇ,
ψΜΜψΜΜ874Μω vsm 'w
9111669 9,9 966 ·. 966919 99, 994. 9998 796 999 .
&5stss 969. 76,.776. 107, 6699999999, 9·9ι - · 9619·
,.969 994, 969.9,99, 99979, 9699919996, 994
466. 969, 997. 496, 979 9669996979, 676 ,
1111696, 969 ,³ 1699971199, 799 ·
96 999 99, 996.. 999, 499 969999719999,999,.Ι
999, 997. 499, 4999499, 9699796999, 769
551 ’ 6999799996 99 999
abeuntque 994, 769 abscedat 175, 969

 

