·1N'1>13x¹

477974 388, 639. 394, 113499 48, Ι1449. 397, 8177. 4377 47, 74
744 444. 449 4744 44. ⁶2· 44, 748. 474·
estuat 39, 739. 797, 64. 7844474737, 769 47, 797. 743, 477. 493,
779, 497. 479, 464. 787, 774917447, 378 797. 498, 374
...
:stum 447, 486. 444. ⁷00 4⁴0· 494. 448· 447. 478. 447. 477· 447. 474 474
4844748, 448· 44. 474. 447. 477, 44. 4ο. 443, 777. 744. 4 7. 44
386. 499, 349. 739, 477. 4.36,733.473,874Ι 43417447 ,447 ἱ
489, 746 471764, 649 43764447 77 3, 799
astusque 9. 447 ama, 444· 44. 479. 774, 4444444464. 449
47444 8, 89. 36, 478. 96, 377. 799, 379. 793, 397. agendum 783, 677. 373,
.,340. 7687 78, 789, 76. 744, 677. 308, 3474, 346, 377
4η,663. 434, 379. 463, 769. 367, 643439, 737. 48944979 73, 838. 77, 51.
ι 444· 444» 444· ³0 · 447· 447. 47· 444. 444448. 784787447 7
3476, 67 347, 78 . 333, 306· 4747 466 Α3447974779 87, 398 ¹
448. 39 , 878. 498, 744 7779997747, 777 Α7444444644 75. 8. 78, 5·-
449, 96. 445, 797. 433, avum 7ο, 748. 33, 663. 125» 564

. ,403 ›²²7·¹95217⁶·²412 734747ω738,797 Ι

¹ etate 498, 499. 799, 374. ἒξ. 779, 474. 794, ²⁴3· 4349494 794, 443 ⁹ Ι
743, 634. 446, 686 348, 79 . 477, 379, 437, ager 9, 779. 396, 644
amem ⁴59· 444· ⁴7²· 447· 444. 444. 464488. 4444444. 444
833 467, 677 ageret 308, ⁶81 ,

, nati· 789, 778. 787, 83. affata 144, 433. 743, 768. ζεῑ76647644,

397, 467. 444, 799 774, 348. 774, 89. 767, ³832154¹9s445v4⁶3⁸⁶9⁸ ⁸
7444797498,734. 477,877 373 1776116118 4617 59²
ι4477747774ι79 498, 749 781497 79, 339 44744664 477. 333
77447744 459, 337 764414 773, 383 :uredine 797, 77
. :temo 64, 633. 749, 663 7644177 47, 38 aggreditur 744, 438. 764666

aternum 33, 63. 773, 369. 4419117114 77, 734 474474, 53²

4474, . 74447447
’ aet231. ιὐιξ 7196.’73ἑῗ’6366 41146144 6963964673 43177763, 649ς
787, 348. 786, 693373, 4644194793, 777 4716974794, 747 .
⁴32· ³³⁰¹ ³²⁰· ³⁸’ 681181 '⁸¹:13³·⁶⁶⁷⁶·„⁴⁵· '⁷⁵⁶² 2:

’ atficta 7, 68. 79, 379. 37, affixa 643 53533. 736, 76. 436; 747615064οᾸ
.{⁷⁷‘2⁵⁶.' ⁴1³⁷· 34²² 33⁵· 2ffi33³23³⁷ . ⁴⁶3· 33²³ ⁵¹²'⁴²⁵'

766. 2⁹29‚{1'9.⁴346'‚ 7 36, 41117676 73857677 7316694, 779, 483

389, 477. 383, 347. 447, 7111781497 799, 79 agitabilis 7, 75

7 afflat 78, 347. 737 ,879 491911477779, 479
9917774 8, 87. 77,469. 37, 4841747786, 794 4364747469, 333

698. 47, 494. 68, 746. 7184411797 737, 789 7314474477 89, 336

7· 74444· 74444444 ...9 . ψ
ει647ἓ737396,7796.4734586, 3448. 7711113137932769Ξ agrame 2⁵9,¹ 5616667 ³¹⁹ Ι

334374. 473, 839. 373, 71673376, 736 Ι4314747947, 667. 393316 ,
ι8144579414737435·’39,577 ζξξῶῗεῇὁιὶὁςζζ 431672ῑῖ 6806, 593. 798, 66 ’

‚ 4741797494 87, 399 7111717977 768, 466 443, 747

41341ιί97974 749, 746 ,gam 120, 448. 749, 396. 731476979777, 386
117171977197437, 778 467, 389 4314741786, 798 Ι
[14619971994449. 379 Agamemnona 377, 784. 387, 73177417 497, 336 ·
AEthiopum 49, 736. 779, 444 7314971749, 374. 786, 6664 t
669 Agamemnonis 473, 833 339, 594.- 438, 36
ὢ797748,334.737,444 Aganippe146, 374 8317779464369. 681114 1
AEtnoe 499, 769 agant 337, 364. 464, 666 69, 749. 79, 783
AEtmm 397, 8684799788 4347477 94, 444· W 647 24²· 668ιὲ ,

 

