1

INDEX

³wmwmmwmmmw wmmw-·
⁶407 fonnofiffimus 165, 18. 561, fortunaque 114, 688. 197,
futes, verb. 57, 471 52² 335

'foret 5, 35. 7, 72. 11, 151. 86616661114, 679 fortunata 116, 515. 446,

20, 359, δὲ* 66ὀί plur. formoso, 116, 516 98
66ιί66146, 18. 456, 755 formosus 73, 851, 859. 661661166156171,8ο5’
6068ὓῖ118 ¹08· 85. 119, 111,16. 171, 475. 1ο, 6616111116. 444

⁶5¹¹ ²132⁶47 712 forumque 475, 841

ἱ· forma 16, 148. 11, 465. 661111148,119.191,167 1611151, 159

16, 489. 18, 556. 61, (6616861456, 546 666819, 97

571. 88, 551. 91, 455.. foro 470, 796 · fossas 197, 145. 546, 149.
95, 476. 111, 195- 118, 61118197. 14, 455· 50, 3722212

78. 185, 686. 196, 18. 157. 558. 751· 418. 425 fovebam 111. 615

2511?st 6616111641, 76. 147, 155. fovendos 145, 654
fumi 68, 716. 89, 554. 98 ·115, 764. 119, 816. et 6666461141, 556

607. 154, 764. 157, 4. alibi: 66666561119, 815 -
178,451.167,556.171, forte, adj. 177, 427. 166, fovet 65,· 617. 165, 417.

’ .45Ῑ· ²94» 240. 393» 5²9· ¹50 3594244155 33³

551, 561 16119111. 16154. 16, 495. fovi 459, 551 ,

“ 6616111761 76, 775. 555, 66,691.67,711-ΜΙ”61’6088511139

m m &mmmm
sormae 15, 157. 56, 745. [6619461576176 , 517

68, 751. 86, 176. 91, fortes 96, 547. 176, 111. 6161961557, 488
»416- 117, 546. 117, 664 156, 46. 517, 451. 567,Ι 61611551, 546 ·
156, 676, 687. 157, 586. 4. 578, 566 6161161651. 517
168, 497. 157, 454. 786, sorti 69, 754. 155, 541. 1161115751 ,
7156181661. 515, 519. 541, ⁶4 544, 6118111566, 51
formaeque 7, 75 981 564, 15. 586, 597. 6161 44, 111. 47, Ι1911-
6611616111, 461. 91, 459. 587, 616. 416,619 51, 516. 171, 151,154.
94, 565. 154, 785. 151, sortia 119, 651. 518, 461. 115, 57. 568, 764
457.115,641. 518,1ο5. 566, 575. 576, 176. 586, frenabas 189, 115
519, 169. 554, 594 586·Ι 595. 596, 6 4 sanataque 196, 116
61 1 11 ’.1 11111
mmmwmafflssffssfflmfflssffiffim
855.191,111. 194 148. 519, 111. 459, 554 . 118
616ξέ161566, 188 6616116666, 17169. 116, 14. {2513’2533593
86611115,1.511,161, 555, 191, 76. 556,186. 566, fragilesque 349,- 145
615. 554, 616. 451, 765. 111. 577, 546. 581 451. 6151111445,169 ¹
44611οι457411 · 186488 · sagmina ²38· 4⁶0 11²·

. mmmss fflwmmwm2mmm

6616161111, 564 58 61156117, 169. 519, 485 ³

6661161691, 479 forti 161155,769,145,111. 6115611514, 565

formatus 147, 518 148, 718, 575, 178 fusorem 155, 546. 556,

formidabile 75, 857 1616661191, 167 507

66161161656146, 174 fortiter 166, 17. 155, 18. 6156611551719

8666516 416. 115 171. 237 61158111. 73⁰· 316141 “

6611116111 41, 66. 47,166. 16166144, 117. 186, 768. 61651161 551, 551, 55²·
154. 861. 411, 518. 441, 165118 551, 569 A

188411 Ὓί ζέἑῖ ἓὲξ. ἷζζῖ ἒὲξζ ΕᾞἻῗέοὲξῗ ,., .,.. 1

6616161151, 611. 116, 519; 516. 117,761.111, 11. 116, 515· 191, 54, 171. 1
¹Qmmmm2mewmbfflmmwmm
m mmmmm-wffimww¹

hmhffiffr fflmw³ssmwffi·v›m

6611116691,461 161. 457, 495 fiamque 114, 669. 1711

86616661 151, 84. 116, 755. 6611661145, 14689, 141 191 l

6781468302. 5²3 1616614616, 149 m Α
Ι

 

