VOCABULORUM.

25 463, 693. 383, inferius 3367. 338, 760 446, 493. 336, 348. “369, 333. ’
9, 738 3046666400, 308 666441οῗ 8ς3ἰ ³⁶² Μ’ ·
374687 6336330694, 904 in ,30600903340 933 .
96,993 3033033330 433 ingens 93, 448. 94, 933.
ιι4ι, 175 5nfern'5554, 908 Ι 5'85, 636. 333, 644. 348,
ι308. 303 0800330. 50⁶ 333· 033 7⁶3 083. 30·
4, 9. 330, 434 346, 3063330330 90 363 389, 330 398, 333. 333, ¹
250, 790. 333, 363 30630389, 603 39 3306666.
3363, 36 106336 383 969 ingentem 338. 83. 330, 307.
300, 333. 303, 603 inf 3633 333 373 393, 340. 3·0. 369 ’
70, 773. 343, 225. 6060630339, 333 mentem 366
55 ⁴55⁸ 5555 [²⁷ ,⁶5²⁰ 1666866683 ι* ·
334ζς6483 06337οἶ76843 Ι “ g1555, 663. 3Ξ3, 436633, 4
06 636 606 ere 364 64 664. 398, ’.938 367, 86.
bile 87, 303. 6060306340, 34 394, 736. 494, 433 ··
333, 764 393, 606603303338, 303 30430333 99 403 3'52, 343.

...3.077, 73. 303. ⁵5⁶ 333. 3330340333
608Μο308 933 433, 333 443, ¹5¹ ingennbus 178 ι468· ¹55»
&atus 342 63 30 3633 39330 5⁶8 ’

3336603393, 337 infirmis 399, 407. 360, 3043009333 333 369
30 93 439 ,0 ingentis 397, 893
9036313 553 486. 338, 60633003 363, 27 3093006 379 630
558559, 9933 3043683 348, 346
a 398, 369. 380, 306333 349 393 5ngratasque553, 475
30633330, 340 33343333 339, 736, 339, 339.
370676. 34, 339 339, 606333903379,33 337 336 ,339
· 3066336433, 937 5055255 308, 76
33 046. 404, 43 6066330333, 36 mento 366 303 .
3333, 383. 340, 348 5555355555138, 83 51555550163, 636. 70, 780
393, 94. 393, 336. 6063390377. 387, 603 3093363330 380 700
4903. 303, 303, 5²² 55552655551e185, 633 3090030903 38, 488
,333 3003903339, 668 ,ingratus 390, 643 409,
00 64, 643. 89, 343. 30333333 397 86 373 ·
,379 6060334039 393 macedan· 96, 443
63333, 938 3063303333 363 308 ingredior 15, 339. 374,
ihus 337, 434 infunderem, 364 , 393
3076, 36. 378,448 306060 39, 383. 339, 386 3043383039333 339 739
336 73, 833 . 5n5515'02551, 355 6033360360, 333. 70,Ι 793.
re 387, 603 ingeminat 32, 693. 90, 33, 839. 308. 498. 225
5¹22, 383 303 863 300. ²55 3004
39333 304, 30. 370, 30333033 360 589 435, 846 >
= 515gem5512, 364. 333, 634 6093344. 93, 393. 336, 400.
{32 033 ¹0²· 725 ἰ000080οι 245 ⁶·8555 355915 303.
,3.49 333, 490. 336, ingemuit 70, 774. 83, 303. 60
3 367, 334 333, 239· 83, 397. 333, 490 399, 3040303 340, 333 309, 733.
3. 483 383. ⁶02 ¹⁸⁹ 333 ²05 5¹7 2⁶7‚52·5 330. 333- 333. 030 ,
009, 938. 339, 8,·6. 390, 343. 333, 363. 393, 6030603603409, 67 ’
066.. 300 · inherebat 338, 330. ’333,
ι33, 389 50355055505417, 407 . 330
0403 383, 633 ¹¹¹5 033 333 394 3060330330 336403 “
3339 490. 325, 383 ingeniis 10, 336. 70„ 795. 6060333306, 447 “
0, 3. 393, ..367 383, 337, 309. 333, 393. 443, 5n525'crat355, 437
8. 384, 936 346 30 0363 393 869
0333636 386987 3043030 83 399. 33,7 399. 30603633 333 36. 396, 94
033386, 703 33,6 305. 433, 489 30606030 38 535
us 060 49, 337. 399, 5ngen5osus 33 3, 5¹3 60636 he27, '5¹¹
0 - ’3033033303 383, 979 309, 5 3303347 303
Nn3' inhibete

3ι “

 

